1	398
1	411
2	157
2	282
3	105
4	420
4	452
5	173
5	343
6	154
6	367
7	251
7	388
8	197
8	208
9	293
9	411
10	285
10	309
11	448
11	450
12	239
12	464
13	330
13	498
14	459
14	490
15	372
15	430
16	393
16	491
17	488
17	491
18	41
18	258
19	201
19	268
20	489
20	496
21	79
21	362
22	207
22	368
23	337
23	441
24	475
24	485
25	39
25	415
26	432
26	459
27	475
27	485
28	223
28	462
29	488
29	491
30	442
30	446
31	113
31	258
32	269
32	461
33	86
33	414
34	270
34	390
35	488
35	491
36	214
36	380
37	189
37	390
38	413
38	427
39	25
39	415
40	489
40	496
41	18
41	98
42	233
42	370
43	449
43	492
44	268
44	491
45	186
45	430
46	453
46	476
47	448
47	450
48	453
48	476
49	336
49	481
50	223
50	380
51	486
51	493
52	462
52	465
53	484
53	485
54	84
54	438
55	212
56	369
56	462
57	267
57	392
58	407
58	440
59	88
59	459
60	302
60	464
61	383
61	455
62	497
62	498
63	141
63	257
64	482
64	493
65	399
65	451
66	227
66	344
67	394
67	481
68	320
68	456
69	429
69	456
70	250
70	368
71	499
71	500
72	159
72	183
73	314
73	410
74	362
74	466
75	487
75	495
76	488
76	491
77	418
77	429
78	195
78	274
79	21
79	438
80	393
80	462
81	132
81	169
82	92
82	138
83	487
83	495
84	54
84	438
85	167
85	246
86	33
86	334
87	152
87	185
88	59
88	430
89	474
89	483
90	228
90	287
91	396
91	497
92	82
92	138
93	233
93	370
94	448
94	450
95	466
95	493
96	397
96	464
97	497
97	498
98	41
98	469
99	232
99	244
100	453
100	460
101	327
101	490
102	486
102	493
103	127
103	326
104	183
104	243
105	3
105	177
106	460
106	476
107	486
107	493
108	139
108	271
109	212
109	491
110	205
110	386
111	487
111	495
112	499
112	500
113	31
113	358
114	264
114	473
115	252
115	417
116	285
116	309
117	280
117	464
118	207
118	368
119	232
119	244
120	180
120	415
121	477
121	480
122	484
122	485
123	283
123	297
124	488
124	491
125	238
125	305
126	399
126	414
127	103
127	326
128	422
128	480
129	489
129	496
130	475
130	484
131	444
131	499
132	81
132	169
133	458
133	480
134	230
134	497
135	304
135	495
136	416
136	498
137	481
137	488
138	82
138	92
139	108
139	271
140	477
140	478
141	63
141	411
142	143
142	496
143	142
143	500
144	188
144	386
145	192
145	261
146	326
146	441
147	181
147	491
148	400
148	494
149	499
149	500
150	459
150	490
151	236
151	288
152	87
152	185
153	301
153	392
154	6
154	403
155	399
155	414
156	431
156	490
157	2
157	226
158	499
158	500
159	72
159	243
160	367
160	403
161	307
161	496
162	488
162	495
163	213
163	444
164	415
164	499
165	460
165	476
166	375
166	489
167	85
167	246
168	497
168	498
169	81
169	132
170	335
170	383
171	497
171	498
172	486
172	493
173	5
173	370
174	323
174	444
175	299
175	438
176	419
176	496
177	105
177	405
178	448
178	450
179	337
179	456
180	120
180	415
181	147
181	490
182	187
182	476
183	72
183	104
184	487
184	495
185	87
185	152
186	45
186	430
187	182
187	368
188	144
188	428
189	37
189	229
190	313
190	465
191	472
191	486
192	145
192	335
193	331
193	483
194	298
194	326
195	78
195	274
196	357
196	402
197	8
197	438
198	372
198	430
199	371
199	378
200	234
200	402
201	19
201	268
202	240
202	413
203	274
203	485
204	362
204	466
205	110
205	236
206	448
206	450
207	22
207	118
207	368
208	8
208	299
208	438
209	439
209	489
209	496
210	313
210	349
210	465
211	408
211	489
211	496
212	55
212	109
212	488
213	163
213	427
213	449
214	36
214	217
214	380
215	332
215	361
215	390
216	473
216	475
216	485
217	214
217	275
217	380
218	369
218	440
218	484
219	487
219	495
219	497
220	494
220	499
220	500
221	378
221	420
221	452
222	412
222	497
222	498
223	28
223	50
223	275
224	261
224	266
224	364
225	431
225	497
225	498
226	157
226	373
226	427
227	66
227	443
227	481
228	90
228	249
228	287
229	189
229	397
229	464
230	134
230	482
230	493
231	366
231	446
231	483
232	99
232	119
232	244
233	42
233	93
233	370
234	200
234	357
234	416
235	477
235	478
235	480
236	151
236	205
236	428
237	324
237	350
237	465
238	125
238	305
238	317
239	12
239	319
239	397
240	202
240	413
240	416
241	435
241	441
241	455
242	395
242	441
242	455
243	104
243	159
243	435
244	99
244	119
244	232
245	473
245	484
245	485
246	85
246	167
246	496
247	263
247	288
247	334
248	349
248	418
248	449
249	228
249	287
250	70
250	289
250	300
251	7
251	394
251	443
252	115
252	320
252	456
253	435
253	455
253	490
254	453
254	460
254	476
255	298
255	331
255	474
256	338
256	489
256	496
257	63
257	398
257	411
258	18
258	31
258	358
259	323
259	367
259	403
260	391
260	429
260	449
261	145
261	224
261	364
262	482
262	486
262	493
263	247
263	333
263	383
264	114
264	294
264	466
265	475
265	484
265	485
266	224
266	364
266	464
267	57
267	301
267	392
268	19
268	44
268	201
269	32
269	336
269	481
270	34
270	332
270	410
271	108
271	139
271	426
272	443
272	461
272	481
273	423
273	497
273	498
274	78
274	195
274	203
275	217
275	223
275	380
276	296
276	323
276	444
277	412
277	497
277	498
278	384
278	474
278	483
279	347
279	400
279	466
280	117
280	308
280	464
281	458
281	478
281	495
282	2
282	449
282	477
283	123
283	402
283	416
284	345
284	473
284	484
285	10
285	116
285	309
286	355
286	447
286	489
287	90
287	228
287	249
288	151
288	247
288	428
289	250
289	417
289	428
290	370
290	497
290	498
291	473
291	484
291	485
292	432
292	459
292	490
293	9
293	398
293	411
294	264
294	322
294	466
295	446
295	474
295	483
296	276
296	325
296	444
297	123
297	402
297	413
298	194
298	255
298	474
299	175
299	208
299	438
300	250
300	372
300	430
301	153
301	267
301	392
302	60
302	397
302	464
303	333
303	400
303	466
304	135
304	325
304	444
305	125
305	238
305	317
306	388
306	394
306	461
307	161
307	377
307	496
308	280
308	319
308	464
309	10
309	116
309	285
310	482
310	486
310	493
311	316
311	371
311	452
312	423
312	497
312	498
313	190
313	210
313	328
314	73
314	361
314	410
315	439
315	489
315	496
316	311
316	378
316	452
317	238
317	305
317	499
318	404
318	410
318	490
319	239
319	308
319	464
320	68
320	252
320	417
320	456
321	375
321	439
321	489
321	496
322	294
322	329
322	474
322	483
323	174
323	259
323	276
323	444
324	237
324	328
324	440
324	462
325	296
325	304
325	389
325	444
326	103
326	127
326	146
326	194
327	101
327	423
327	497
327	498
328	313
328	324
328	350
328	440
329	322
329	366
329	442
329	483
330	13
330	482
330	486
330	493
331	193
331	255
331	446
331	483
332	215
332	270
332	361
332	390
333	263
333	303
333	400
333	466
334	86
334	247
334	335
334	383
335	170
335	192
335	334
335	383
336	49
336	269
336	461
336	481
337	23
337	179
337	435
337	455
338	256
338	355
338	489
338	496
339	463
339	479
339	487
339	495
340	463
340	477
340	478
340	480
341	376
341	425
341	448
341	490
342	443
342	461
342	481
342	486
343	5
343	479
343	487
343	495
344	66
344	443
344	461
344	481
345	284
345	494
345	499
345	500
346	352
346	448
346	450
347	279
347	362
347	465
347	466
348	395
348	435
348	441
348	455
349	210
349	248
349	373
349	391
350	237
350	328
350	462
350	465
351	371
351	398
351	420
351	452
352	346
352	448
352	450
353	376
353	479
353	487
353	495
354	386
354	403
354	417
354	456
355	286
355	338
355	489
355	496
356	451
356	453
356	460
356	476
357	196
357	234
357	413
357	416
358	113
358	258
358	367
358	403
359	421
359	475
359	484
359	485
360	431
360	458
360	459
360	490
361	215
361	314
361	332
361	410
362	21
362	74
362	204
362	347
362	466
363	396
363	412
363	423
363	497
363	498
364	224
364	261
364	266
364	481
364	494
365	463
365	470
365	479
365	487
365	495
366	231
366	329
366	442
366	474
366	483
367	6
367	160
367	259
367	358
367	403
368	22
368	70
368	118
368	187
368	207
369	56
369	218
369	407
369	414
369	465
370	42
370	93
370	173
370	233
370	290
371	199
371	311
371	351
371	420
371	452
372	15
372	198
372	300
372	413
372	430
373	226
373	349
373	391
373	418
373	429
374	472
374	492
374	494
374	499
374	500
375	166
375	321
375	439
375	489
375	496
376	341
376	353
376	425
376	432
376	490
377	307
377	439
377	473
377	489
377	496
378	199
378	221
378	316
378	420
378	452
379	385
379	458
379	477
379	478
379	480
380	36
380	50
380	214
380	217
380	275
381	471
381	492
381	494
381	499
381	500
382	454
382	458
382	477
382	478
382	480
383	61
383	170
383	263
383	334
383	335
384	278
384	442
384	446
384	474
384	483
385	379
385	445
385	447
385	488
385	491
386	110
386	144
386	354
386	428
386	456
387	399
387	414
387	433
388	7
388	306
388	424
388	443
388	481
389	325
389	445
389	447
389	488
389	491
390	34
390	37
390	215
390	332
390	410
391	260
391	349
391	373
391	427
391	470
392	57
392	153
392	267
392	301
392	486
393	16
393	80
393	407
393	462
393	465
394	67
394	251
394	306
394	461
394	481
395	242
395	348
395	435
395	441
395	455
396	91
396	363
396	475
396	497
396	498
397	96
397	229
397	239
397	302
397	464
398	1
398	257
398	293
398	351
398	411
399	65
399	126
399	155
399	387
399	414
400	148
400	279
400	303
400	333
400	466
401	437
401	445
401	447
401	488
401	491
402	196
402	200
402	283
402	297
402	416
403	154
403	160
403	259
403	354
403	358
403	367
404	318
404	425
404	431
404	432
404	480
404	490
405	177
405	468
405	492
405	494
405	499
405	500
406	424
406	426
406	469
406	482
406	486
406	493
407	58
407	369
407	393
407	440
407	462
407	465
408	211
408	454
408	458
408	477
408	478
408	480
409	433
409	463
409	470
409	479
409	487
409	495
410	73
410	270
410	314
410	318
410	361
410	390
411	1
411	9
411	141
411	257
411	293
411	398
412	222
412	277
412	363
412	423
412	497
412	498
413	38
413	202
413	240
413	297
413	357
413	372
414	33
414	126
414	155
414	369
414	387
414	399
415	25
415	39
415	120
415	164
415	180
415	498
416	136
416	234
416	240
416	283
416	357
416	402
417	115
417	289
417	320
417	354
417	454
417	456
418	77
418	248
418	373
418	427
418	429
418	449
418	484
419	176
419	467
419	472
419	492
419	494
419	499
419	500
420	4
420	221
420	351
420	371
420	378
420	452
420	468
421	359
421	422
421	473
421	475
421	484
421	485
422	128
422	421
422	473
422	475
422	484
422	485
423	273
423	312
423	327
423	363
423	412
423	497
423	498
424	388
424	406
424	426
424	469
424	482
424	486
424	493
425	341
425	376
425	404
425	432
425	450
425	459
425	490
426	271
426	406
426	424
426	469
426	482
426	486
426	493
427	38
427	213
427	226
427	391
427	418
427	429
427	449
428	188
428	236
428	288
428	289
428	386
428	442
428	456
429	69
429	77
429	260
429	373
429	418
429	427
429	449
430	15
430	45
430	88
430	186
430	198
430	300
430	372
431	156
431	225
431	360
431	404
431	432
431	459
431	490
432	26
432	292
432	376
432	404
432	425
432	431
432	490
433	387
433	409
433	463
433	470
433	479
433	487
433	495
434	457
434	467
434	468
434	471
434	492
434	494
434	499
434	500
435	241
435	243
435	253
435	337
435	348
435	395
435	441
435	455
436	451
436	453
436	460
436	476
436	495
437	401
437	445
437	447
437	488
437	491
437	498
438	54
438	79
438	84
438	175
438	197
438	208
438	299
438	460
439	209
439	315
439	321
439	375
439	377
439	452
439	489
439	496
440	58
440	218
440	324
440	328
440	407
440	462
440	465
440	489
441	23
441	146
441	241
441	242
441	348
441	395
441	435
441	455
442	30
442	329
442	366
442	384
442	428
442	446
442	474
442	483
443	227
443	251
443	272
443	342
443	344
443	388
443	461
443	481
444	131
444	163
444	174
444	276
444	296
444	304
444	323
444	325
445	385
445	389
445	401
445	437
445	447
445	488
445	491
446	30
446	231
446	295
446	331
446	384
446	442
446	474
446	483
446	490
447	286
447	385
447	389
447	401
447	437
447	445
447	488
447	491
448	11
448	47
448	94
448	178
448	206
448	341
448	346
448	352
448	450
449	43
449	213
449	248
449	260
449	282
449	418
449	427
449	429
449	500
450	11
450	47
450	94
450	178
450	206
450	346
450	352
450	425
450	448
451	65
451	356
451	436
451	453
451	460
451	476
452	4
452	221
452	311
452	316
452	351
452	371
452	378
452	420
452	439
453	46
453	48
453	100
453	254
453	356
453	436
453	451
453	460
453	476
454	382
454	408
454	417
454	458
454	477
454	478
454	480
455	61
455	241
455	242
455	253
455	337
455	348
455	395
455	435
455	441
456	68
456	69
456	179
456	252
456	320
456	354
456	386
456	417
456	428
457	434
457	467
457	468
457	471
457	472
457	482
457	492
457	494
457	499
457	500
458	133
458	281
458	360
458	379
458	382
458	408
458	454
458	477
458	478
458	480
459	14
459	26
459	59
459	150
459	292
459	360
459	425
459	431
459	478
459	490
460	100
460	106
460	165
460	254
460	356
460	436
460	438
460	451
460	453
460	476
461	32
461	272
461	306
461	336
461	342
461	344
461	394
461	443
461	481
461	487
462	28
462	52
462	56
462	80
462	324
462	350
462	393
462	407
462	440
462	465
463	339
463	340
463	365
463	409
463	433
463	470
463	479
463	487
463	495
464	12
464	60
464	96
464	117
464	229
464	266
464	280
464	302
464	308
464	319
464	397
465	52
465	190
465	210
465	237
465	347
465	350
465	369
465	393
465	407
465	440
465	462
466	74
466	95
466	204
466	264
466	279
466	294
466	303
466	333
466	347
466	362
466	400
467	419
467	434
467	457
467	468
467	471
467	472
467	479
467	492
467	494
467	499
467	500
468	405
468	420
468	434
468	457
468	467
468	471
468	472
468	492
468	494
468	499
468	500
469	98
469	406
469	424
469	426
469	482
469	483
469	486
469	493
470	365
470	391
470	409
470	433
470	463
470	479
470	487
470	495
471	381
471	434
471	457
471	467
471	468
471	472
471	482
471	492
471	494
471	499
471	500
472	191
472	374
472	419
472	457
472	467
472	468
472	471
472	492
472	494
472	499
472	500
473	114
473	216
473	245
473	284
473	291
473	377
473	421
473	422
473	475
473	484
473	485
474	89
474	255
474	278
474	295
474	298
474	322
474	366
474	384
474	442
474	446
474	483
474	491
475	24
475	27
475	130
475	216
475	265
475	359
475	396
475	421
475	422
475	473
475	484
475	485
476	46
476	48
476	106
476	165
476	182
476	254
476	356
476	436
476	451
476	453
476	460
476	496
477	121
477	140
477	235
477	282
477	340
477	379
477	382
477	408
477	454
477	458
477	478
477	480
478	140
478	235
478	281
478	340
478	379
478	382
478	408
478	454
478	458
478	459
478	477
478	480
479	339
479	343
479	353
479	365
479	409
479	433
479	463
479	467
479	470
479	487
479	495
480	121
480	128
480	133
480	235
480	340
480	379
480	382
480	404
480	408
480	454
480	458
480	477
480	478
481	49
481	67
481	137
481	227
481	269
481	272
481	336
481	342
481	344
481	364
481	388
481	394
481	443
481	461
482	64
482	230
482	262
482	310
482	330
482	406
482	424
482	426
482	457
482	469
482	471
482	486
482	493
483	89
483	193
483	231
483	278
483	295
483	322
483	329
483	331
483	366
483	384
483	442
483	446
483	469
483	474
484	53
484	122
484	130
484	218
484	245
484	265
484	284
484	291
484	359
484	418
484	421
484	422
484	473
484	475
484	485
485	24
485	27
485	53
485	122
485	203
485	216
485	245
485	265
485	291
485	359
485	421
485	422
485	473
485	475
485	484
486	51
486	102
486	107
486	172
486	191
486	262
486	310
486	330
486	342
486	392
486	406
486	424
486	426
486	469
486	482
486	493
487	75
487	83
487	111
487	184
487	219
487	339
487	343
487	353
487	365
487	409
487	433
487	461
487	463
487	470
487	479
487	495
488	17
488	29
488	35
488	76
488	124
488	137
488	162
488	212
488	385
488	389
488	401
488	437
488	445
488	447
488	491
489	20
489	40
489	129
489	166
489	209
489	211
489	256
489	286
489	315
489	321
489	338
489	355
489	375
489	377
489	439
489	440
489	496
490	14
490	101
490	150
490	156
490	181
490	253
490	292
490	318
490	341
490	360
490	376
490	404
490	425
490	431
490	432
490	446
490	459
491	16
491	17
491	29
491	35
491	44
491	76
491	109
491	124
491	147
491	385
491	389
491	401
491	437
491	445
491	447
491	474
491	488
492	43
492	374
492	381
492	405
492	419
492	434
492	457
492	467
492	468
492	471
492	472
492	494
492	499
492	500
493	51
493	64
493	95
493	102
493	107
493	172
493	230
493	262
493	310
493	330
493	406
493	424
493	426
493	469
493	482
493	486
493	497
493	500
494	148
494	220
494	345
494	364
494	374
494	381
494	405
494	419
494	434
494	457
494	467
494	468
494	471
494	472
494	492
494	499
494	500
495	75
495	83
495	111
495	135
495	162
495	184
495	219
495	281
495	339
495	343
495	353
495	365
495	409
495	433
495	436
495	463
495	470
495	479
495	487
496	20
496	40
496	129
496	142
496	161
496	176
496	209
496	211
496	246
496	256
496	307
496	315
496	321
496	338
496	355
496	375
496	377
496	439
496	476
496	489
497	62
497	91
497	97
497	134
497	168
497	171
497	219
497	222
497	225
497	273
497	277
497	290
497	312
497	327
497	363
497	396
497	412
497	423
497	493
497	498
498	13
498	62
498	97
498	136
498	168
498	171
498	222
498	225
498	273
498	277
498	290
498	312
498	327
498	363
498	396
498	412
498	415
498	423
498	437
498	497
499	71
499	112
499	131
499	149
499	158
499	164
499	220
499	317
499	345
499	374
499	381
499	405
499	419
499	434
499	457
499	467
499	468
499	471
499	472
499	492
499	494
499	500
500	71
500	112
500	143
500	149
500	158
500	220
500	345
500	374
500	381
500	405
500	419
500	434
500	449
500	457
500	467
500	468
500	471
500	472
500	492
500	493
500	494
500	499
