1	405
1	910
1	917
2	3
2	83
2	770
3	2
3	83
3	997
4	99
4	453
4	712
5	48
5	50
5	250
6	982
6	993
6	994
7	474
7	552
7	688
8	639
8	797
8	883
9	796
9	905
9	918
10	945
10	975
10	983
11	166
11	440
11	537
12	743
12	794
12	879
13	29
13	667
13	695
14	41
14	84
14	261
15	363
15	579
15	678
16	777
16	865
16	876
17	31
17	192
17	876
18	26
18	796
18	826
19	358
19	918
19	931
20	35
20	232
20	947
21	280
21	784
21	870
22	945
22	975
22	983
23	599
23	866
23	986
24	626
24	716
24	780
25	404
25	459
25	646
26	18
26	796
26	826
27	974
27	984
27	987
28	645
28	863
28	979
29	13
29	667
29	695
30	522
30	990
30	991
31	17
31	192
31	981
32	390
32	673
32	895
33	219
33	439
33	649
34	161
34	968
34	989
35	20
35	589
35	947
36	121
36	670
36	977
37	854
37	996
37	999
38	856
38	883
38	898
39	263
39	277
39	371
40	595
40	789
40	893
41	14
41	84
41	868
42	302
42	406
42	670
43	334
43	539
43	688
44	992
44	996
44	999
45	651
45	730
45	763
46	982
46	993
46	994
47	858
47	963
47	966
48	5
48	50
48	954
49	721
49	784
49	870
50	5
50	48
50	721
51	932
51	975
51	983
52	858
52	963
52	966
53	910
53	917
53	976
54	992
54	996
54	999
55	892
55	897
55	934
56	454
56	819
56	825
57	818
57	865
57	876
58	514
58	596
58	686
59	104
59	849
59	912
60	925
60	985
60	995
61	703
61	849
61	857
62	99
62	422
62	712
63	693
63	791
63	952
64	717
64	803
64	924
65	329
65	486
65	929
66	866
66	955
66	986
67	404
67	416
67	459
68	982
68	993
68	994
69	304
69	329
69	486
70	935
70	984
70	987
71	126
71	380
71	570
72	175
72	534
72	659
73	172
73	201
73	584
74	916
74	963
74	966
75	385
75	693
75	791
76	132
76	147
76	466
77	717
77	734
77	803
78	830
78	910
78	917
79	783
79	820
79	946
80	815
80	937
80	980
81	956
81	990
81	991
82	785
82	834
82	999
83	2
83	3
83	723
84	14
84	41
84	261
85	863
85	946
85	979
86	735
86	809
86	933
87	838
87	902
87	903
88	396
88	996
88	999
89	253
89	260
89	291
90	761
90	975
90	983
91	581
91	582
91	686
92	507
92	601
92	625
93	775
93	963
93	966
94	786
94	863
94	979
95	516
95	741
95	834
96	959
96	974
96	984
97	710
97	850
97	947
98	777
98	818
98	876
99	4
99	62
99	712
100	970
100	985
100	995
101	956
101	990
101	991
102	574
102	829
102	900
103	871
103	919
103	934
104	59
104	649
104	997
105	709
105	992
105	997
106	830
106	910
106	917
107	428
107	627
107	791
108	569
108	659
108	975
109	246
109	733
109	887
110	939
110	978
110	980
111	378
111	990
111	991
112	430
112	494
112	544
113	215
113	553
113	678
114	964
114	990
114	991
115	940
115	951
115	953
116	915
116	951
116	953
117	614
117	716
117	763
118	386
118	992
118	996
119	818
119	865
119	876
120	601
120	625
120	644
121	36
121	447
121	670
122	824
122	887
122	995
123	744
123	990
123	991
124	135
124	235
124	557
125	671
125	853
125	997
126	71
126	199
126	570
127	551
127	588
127	829
128	908
128	949
128	997
129	959
129	974
129	984
130	932
130	945
130	983
131	285
131	562
131	623
132	76
132	147
132	248
133	340
133	556
133	900
134	477
134	626
134	947
135	124
135	982
135	994
136	155
136	903
136	920
137	940
137	951
137	953
138	793
138	892
138	897
139	988
139	998
139	1000
140	909
140	923
140	987
141	727
141	737
141	817
142	563
142	676
142	702
143	593
143	605
143	986
144	146
144	478
144	585
145	963
145	966
145	989
146	144
146	211
146	585
147	76
147	132
147	466
148	284
148	622
148	748
149	976
149	977
149	989
150	298
150	379
150	828
151	422
151	453
151	712
152	684
152	831
152	875
153	815
153	918
153	931
154	556
154	754
154	900
155	136
155	478
155	585
156	308
156	500
156	537
157	648
157	831
157	875
158	322
158	862
158	870
159	756
159	814
159	826
160	591
160	663
160	878
161	34
161	828
161	893
162	965
162	990
162	991
163	511
163	540
163	679
164	204
164	415
164	663
165	932
165	945
165	983
166	11
166	440
166	537
167	797
167	883
167	898
168	982
168	993
168	994
169	487
169	992
169	999
170	642
170	802
170	947
171	357
171	507
171	508
172	73
172	177
172	584
173	830
173	910
173	917
174	337
174	881
174	979
175	72
175	186
175	659
176	959
176	984
176	987
177	172
177	401
177	584
178	560
178	887
178	897
179	756
179	796
179	814
180	907
180	993
180	994
181	640
181	877
181	923
182	755
182	946
182	979
183	930
183	961
183	981
184	982
184	993
184	994
185	871
185	950
185	973
186	175
186	534
186	569
187	529
187	564
187	619
188	793
188	903
188	920
189	565
189	809
189	823
190	664
190	741
190	834
191	632
191	821
191	931
192	17
192	31
192	621
193	926
193	929
193	941
194	972
194	993
194	994
195	199
195	570
195	998
196	776
196	856
196	898
197	425
197	623
197	655
198	938
198	942
198	961
199	126
199	195
199	570
200	952
200	985
200	995
201	73
201	401
201	584
202	940
202	951
202	953
203	838
203	859
203	902
204	164
204	754
204	878
205	265
205	667
205	695
206	718
206	849
206	912
207	988
207	998
207	1000
208	937
208	978
208	980
209	511
209	540
209	679
210	514
210	582
210	686
211	146
211	478
211	585
212	497
212	696
212	914
213	235
213	276
213	557
214	330
214	735
214	823
215	113
215	553
215	579
216	381
216	497
216	630
217	741
217	785
217	834
218	519
218	794
218	879
219	33
219	534
219	544
220	379
220	620
220	680
221	299
221	620
221	680
222	324
222	387
222	997
223	443
223	551
223	588
224	830
224	910
224	917
225	974
225	984
225	987
226	726
226	822
226	905
227	274
227	339
227	633
228	357
228	507
228	508
229	333
229	540
229	679
230	634
230	967
230	997
231	956
231	990
231	991
232	20
232	802
232	947
233	573
233	648
233	870
234	774
234	910
234	917
235	124
235	213
235	276
236	598
236	673
236	691
237	970
237	985
237	995
238	962
238	978
238	980
239	734
239	803
239	948
240	957
240	981
240	985
241	469
241	743
241	794
242	643
242	646
242	906
243	251
243	651
243	780
244	755
244	946
244	979
245	546
245	814
245	826
246	109
246	442
246	887
247	916
247	963
247	966
248	132
248	466
248	866
249	375
249	893
249	987
250	5
250	620
250	680
251	243
251	848
251	897
252	571
252	939
252	978
253	89
253	260
253	291
254	302
254	406
254	670
255	805
255	975
255	983
256	556
256	591
256	900
257	954
257	996
257	999
258	324
258	993
258	994
259	881
259	951
259	979
260	89
260	253
260	291
261	14
261	84
261	935
262	755
262	946
262	979
263	39
263	277
263	371
264	703
264	849
264	912
265	205
265	667
265	695
266	671
266	945
266	983
267	589
267	802
267	850
268	735
268	809
268	823
269	535
269	676
269	702
270	916
270	963
270	966
271	552
271	942
271	961
272	353
272	831
272	875
273	519
273	794
273	879
274	227
274	473
274	633
275	988
275	998
275	1000
276	213
276	235
276	557
277	39
277	263
277	371
278	667
278	678
278	695
279	848
279	892
279	897
280	21
280	870
280	887
281	317
281	473
281	633
282	359
282	648
282	870
283	471
283	950
283	973
284	148
284	513
284	617
285	131
285	425
285	623
286	529
286	669
286	731
287	814
287	977
287	989
288	992
288	996
288	999
289	407
289	863
289	979
290	475
290	710
290	947
291	89
291	253
291	260
292	788
292	878
292	900
293	443
293	551
293	588
294	859
294	902
294	920
295	926
295	929
295	941
296	916
296	945
296	966
297	713
297	787
297	817
298	150
298	828
298	893
299	221
299	620
299	680
300	619
300	669
300	731
301	965
301	990
301	991
302	42
302	254
302	406
303	800
303	909
303	923
304	69
304	329
304	486
305	610
305	787
305	817
306	388
306	654
306	729
307	937
307	962
307	978
307	980
308	156
308	440
308	500
308	537
309	334
309	338
309	552
309	688
310	318
310	703
310	857
310	912
311	668
311	760
311	824
311	887
312	330
312	462
312	809
312	823
313	722
313	952
313	981
313	995
314	659
314	992
314	996
314	999
315	572
315	598
315	673
315	691
316	972
316	982
316	993
316	994
317	281
317	339
317	633
317	956
318	310
318	465
318	857
318	912
319	930
319	938
319	942
319	961
320	530
320	781
320	903
320	920
321	972
321	982
321	993
321	994
322	158
322	721
322	784
322	870
323	425
323	623
323	645
323	979
324	222
324	258
324	967
324	997
325	657
325	988
325	998
325	1000
326	332
326	345
326	409
326	566
327	930
327	938
327	942
327	961
328	399
328	408
328	470
328	506
329	65
329	69
329	304
329	486
330	214
330	312
330	565
330	823
331	870
331	968
331	977
331	989
332	326
332	409
332	547
332	566
333	229
333	511
333	679
333	968
334	43
334	309
334	539
334	688
335	774
335	830
335	910
335	917
336	388
336	418
336	654
336	729
337	174
337	409
337	566
337	969
338	309
338	539
338	552
338	688
339	227
339	317
339	473
339	633
340	133
340	976
340	977
340	989
341	688
341	945
341	975
341	983
342	699
342	872
342	892
342	897
343	949
343	960
343	976
343	989
344	360
344	955
344	969
344	986
345	326
345	616
345	617
345	914
346	855
346	958
346	998
346	1000
347	701
347	853
347	983
347	997
348	786
348	816
348	946
348	979
349	915
349	940
349	951
349	953
350	913
350	955
350	969
350	986
351	694
351	802
351	947
351	983
352	779
352	842
352	867
352	989
353	272
353	661
353	875
353	963
354	872
354	886
354	916
354	963
355	792
355	801
355	955
355	986
356	954
356	992
356	996
356	999
357	171
357	228
357	507
357	508
358	19
358	614
358	763
358	780
359	282
359	573
359	784
359	803
360	344
360	599
360	955
360	986
361	930
361	938
361	942
361	961
362	972
362	982
362	993
362	994
363	15
363	553
363	678
363	886
364	922
364	962
364	978
364	980
365	497
365	676
365	748
365	914
366	460
366	574
366	829
366	900
367	761
367	945
367	975
367	983
368	735
368	809
368	823
368	943
369	930
369	938
369	942
369	961
370	382
370	856
370	883
370	898
371	39
371	263
371	277
371	622
372	844
372	933
372	935
372	987
373	938
373	942
373	961
373	962
374	947
374	958
374	998
374	1000
375	249
375	548
375	828
375	893
376	776
376	856
376	883
376	898
377	491
377	656
377	743
377	794
378	111
378	415
378	788
378	829
379	150
379	220
379	789
379	828
380	71
380	992
380	996
380	999
381	216
381	696
381	811
381	914
382	370
382	992
382	996
382	999
383	524
383	687
383	820
383	825
384	930
384	938
384	942
384	961
385	75
385	624
385	791
385	864
386	118
386	816
386	946
386	979
387	222
387	458
387	967
387	997
388	306
388	336
388	729
388	880
389	736
389	976
389	977
389	989
390	32
390	391
390	598
390	691
391	390
391	572
391	673
391	691
392	960
392	968
392	977
392	989
393	793
393	848
393	892
393	897
394	508
394	520
394	543
394	768
395	689
395	900
395	946
395	979
396	88
396	822
396	918
396	931
397	890
397	992
397	996
397	999
398	944
398	974
398	984
398	987
399	328
399	408
399	470
399	506
400	658
400	707
400	819
400	825
401	177
401	201
401	584
401	670
402	841
402	911
402	956
402	964
403	651
403	716
403	730
403	779
404	25
404	67
404	586
404	643
405	1
405	905
405	918
405	931
406	42
406	254
406	302
406	670
407	289
407	672
407	811
407	914
408	328
408	399
408	470
408	506
409	326
409	332
409	337
409	566
410	932
410	945
410	975
410	983
411	898
411	958
411	998
411	1000
412	798
412	877
412	909
412	923
413	948
413	988
413	998
413	1000
414	921
414	939
414	978
414	980
415	164
415	378
415	829
415	900
416	67
416	643
416	646
416	976
417	686
417	779
417	950
417	973
418	336
418	484
418	654
418	729
419	756
419	796
419	814
419	826
420	928
420	959
420	984
420	987
421	477
421	694
421	802
421	947
422	62
422	151
422	453
422	712
423	576
423	797
423	856
423	915
424	545
424	794
424	879
424	934
425	197
425	285
425	323
425	623
426	496
426	650
426	655
426	790
427	664
427	741
427	785
427	834
428	107
428	624
428	627
428	693
429	461
429	684
429	831
429	875
430	112
430	439
430	494
430	544
431	873
431	907
431	978
431	991
432	448
432	489
432	777
432	865
433	684
433	694
433	850
433	947
434	906
434	944
434	959
434	987
435	642
435	710
435	850
435	947
436	842
436	889
436	950
436	973
437	529
437	603
437	682
437	718
438	867
438	871
438	950
438	973
439	33
439	430
439	494
439	544
440	11
440	166
440	308
440	500
441	529
441	603
441	731
441	843
442	246
442	668
442	824
442	887
443	223
443	293
443	551
443	588
444	560
444	733
444	824
444	955
445	890
445	940
445	951
445	953
446	668
446	733
446	824
446	887
447	121
447	749
447	967
447	997
448	432
448	636
448	865
448	876
449	946
449	982
449	993
449	994
450	792
450	801
450	969
450	986
451	739
451	889
451	934
451	950
452	662
452	721
452	784
452	870
453	4
453	151
453	422
453	712
454	56
454	819
454	825
454	889
455	842
455	871
455	889
455	973
456	777
456	818
456	865
456	876
457	705
457	707
457	819
457	825
458	387
458	853
458	967
458	997
459	25
459	67
459	643
459	646
460	366
460	663
460	754
460	878
461	429
461	462
461	753
461	831
462	312
462	461
462	684
462	875
463	618
463	934
463	950
463	973
464	855
464	988
464	998
464	1000
465	318
465	774
465	910
465	917
466	76
466	147
466	248
466	942
467	573
467	662
467	784
467	870
468	612
468	801
468	969
468	986
469	241
469	635
469	743
469	879
470	328
470	399
470	408
470	506
471	283
471	607
471	867
471	973
472	815
472	820
472	905
472	918
473	274
473	281
473	339
473	633
474	7
474	539
474	688
474	903
475	290
475	710
475	850
475	947
476	872
476	916
476	963
476	966
477	134
477	421
477	642
477	663
478	144
478	155
478	211
478	585
479	618
479	842
479	934
479	973
480	609
480	689
480	881
480	979
481	632
481	932
481	975
481	983
482	932
482	945
482	975
482	983
483	761
483	945
483	975
483	983
484	418
484	620
484	654
484	729
485	770
485	849
485	876
485	912
486	65
486	69
486	304
486	329
487	169
487	725
487	789
487	893
488	513
488	636
488	811
488	914
489	432
489	818
489	865
489	876
490	730
490	781
490	875
490	920
491	377
491	545
491	794
491	879
492	888
492	919
492	926
492	941
493	872
493	886
493	963
493	966
494	112
494	430
494	439
494	544
495	795
495	932
495	975
495	983
496	426
496	601
496	625
496	628
497	212
497	216
497	365
497	617
497	696
498	908
498	972
498	982
498	993
498	994
499	532
499	671
499	677
499	908
499	997
500	156
500	308
500	440
500	537
500	965
501	775
501	872
501	963
501	966
501	996
502	921
502	922
502	939
502	978
502	980
503	549
503	728
503	815
503	905
503	931
504	936
504	943
504	957
504	981
504	995
505	896
505	957
505	981
505	985
505	995
506	328
506	399
506	408
506	470
506	784
507	92
507	171
507	228
507	357
507	508
508	171
508	228
508	357
508	394
508	507
509	816
509	863
509	881
509	946
509	979
510	948
510	958
510	988
510	998
510	1000
511	163
511	209
511	333
511	540
511	679
512	561
512	795
512	932
512	975
512	983
513	284
513	488
513	616
513	696
513	811
514	58
514	210
514	582
514	596
514	686
515	727
515	737
515	787
515	817
515	917
516	95
516	664
516	741
516	785
516	834
517	936
517	952
517	970
517	981
517	995
518	602
518	706
518	745
518	909
518	923
519	218
519	273
519	545
519	635
519	743
520	394
520	647
520	768
520	820
520	973
521	884
521	939
521	962
521	978
521	980
522	30
522	798
522	877
522	909
522	923
523	739
523	867
523	934
523	950
523	973
524	383
524	618
524	871
524	889
524	950
525	885
525	930
525	938
525	942
525	961
526	657
526	661
526	684
526	831
526	875
527	581
527	629
527	845
527	913
527	955
528	880
528	939
528	962
528	978
528	980
529	187
529	286
529	437
529	441
529	603
530	320
530	742
530	859
530	902
530	920
531	740
531	754
531	848
531	892
531	897
532	499
532	692
532	908
532	958
532	997
533	549
533	815
533	822
533	918
533	931
534	72
534	186
534	219
534	569
534	659
535	269
535	563
535	597
535	702
535	818
536	884
536	928
536	974
536	984
536	987
537	11
537	156
537	166
537	308
537	500
538	971
538	972
538	982
538	993
538	994
539	43
539	334
539	338
539	474
539	552
540	163
540	209
540	229
540	511
540	679
541	833
541	949
541	968
541	976
541	989
542	952
542	957
542	981
542	985
542	995
543	394
543	647
543	687
543	783
543	820
544	112
544	219
544	430
544	439
544	494
545	424
545	491
545	519
545	656
545	879
546	245
546	756
546	796
546	814
546	826
547	332
547	964
547	965
547	990
547	991
548	375
548	725
548	789
548	828
548	893
549	503
549	533
549	905
549	918
549	931
550	971
550	972
550	982
550	993
550	994
551	127
551	223
551	293
551	443
551	588
552	7
552	271
552	309
552	338
552	539
553	113
553	215
553	363
553	579
553	678
554	952
554	970
554	981
554	985
554	995
555	719
555	908
555	948
555	967
555	997
556	133
556	154
556	256
556	591
556	900
557	124
557	213
557	276
557	769
557	974
558	890
558	891
558	915
558	951
558	953
559	740
559	793
559	848
559	892
559	897
560	178
560	444
560	733
560	824
560	887
561	512
561	932
561	945
561	975
561	983
562	131
562	960
562	976
562	977
562	989
563	142
563	535
563	597
563	676
563	702
564	187
564	619
564	682
564	780
564	823
565	189
565	330
565	809
565	823
565	998
566	326
566	332
566	337
566	409
566	578
567	718
567	770
567	857
567	912
567	952
568	658
568	705
568	707
568	819
568	825
569	108
569	186
569	534
569	659
569	692
570	71
570	126
570	195
570	199
570	734
571	252
571	962
571	964
571	978
571	980
572	315
572	391
572	598
572	673
572	691
573	233
573	359
573	467
573	648
573	662
574	102
574	366
574	637
574	878
574	900
575	795
575	932
575	975
575	983
575	995
576	423
576	776
576	797
576	883
576	898
577	639
577	776
577	797
577	898
577	936
578	566
578	901
578	988
578	998
578	1000
579	15
579	215
579	553
579	678
579	993
580	943
580	970
580	981
580	985
580	995
581	91
581	527
581	593
581	969
581	986
582	91
582	210
582	514
582	596
582	686
583	601
583	625
583	644
583	972
584	73
584	172
584	177
584	201
584	401
585	144
585	146
585	155
585	211
585	478
586	404
586	972
586	982
586	993
586	994
587	650
587	717
587	731
587	734
587	803
588	127
588	223
588	293
588	443
588	551
589	35
589	267
589	802
589	850
589	947
590	761
590	932
590	945
590	975
590	983
591	160
591	256
591	556
591	829
591	878
592	815
592	822
592	905
592	918
592	931
593	143
593	581
593	629
593	845
593	969
594	757
594	948
594	988
594	998
594	1000
595	40
595	725
595	789
595	893
595	966
596	58
596	514
596	582
596	686
596	921
597	535
597	563
597	676
597	702
597	978
598	236
598	315
598	390
598	572
598	691
598	812
599	23
599	360
599	742
599	845
599	969
599	986
600	766
600	888
600	919
600	926
600	929
600	941
601	92
601	120
601	496
601	583
601	625
601	644
602	518
602	640
602	745
602	877
602	909
602	923
603	437
603	441
603	529
603	619
603	669
603	682
604	841
604	905
604	936
604	981
604	985
604	995
605	143
605	771
605	863
605	866
605	969
605	986
606	692
606	827
606	874
606	908
606	967
606	997
607	471
607	647
607	687
607	768
607	783
607	820
608	904
608	921
608	922
608	937
608	962
608	980
609	480
609	645
609	863
609	881
609	946
609	979
610	305
610	727
610	737
610	787
610	817
610	901
611	799
611	836
611	954
611	992
611	996
611	999
612	468
612	913
612	955
612	957
612	969
612	986
613	706
613	956
613	964
613	965
613	990
613	991
614	117
614	358
614	716
614	730
614	763
614	780
615	714
615	954
615	955
615	992
615	996
615	999
616	345
616	513
616	622
616	630
616	748
616	811
617	284
617	345
617	497
617	622
617	636
617	990
618	463
618	479
618	524
618	934
618	950
618	973
619	187
619	300
619	564
619	603
619	682
619	731
620	220
620	221
620	250
620	299
620	484
620	680
621	192
621	891
621	915
621	940
621	951
621	953
622	148
622	371
622	616
622	617
622	636
622	914
623	131
623	197
623	285
623	323
623	425
623	798
624	385
624	428
624	627
624	693
624	791
624	810
625	92
625	120
625	496
625	583
625	601
625	644
626	24
626	134
626	651
626	716
626	730
626	763
627	107
627	428
627	624
627	693
627	712
627	791
628	496
628	861
628	862
628	958
628	988
628	1000
629	527
629	593
629	764
629	913
629	955
629	986
630	216
630	616
630	748
630	811
630	826
630	914
631	933
631	935
631	944
631	959
631	984
631	987
632	191
632	481
632	726
632	822
632	918
632	931
633	227
633	274
633	281
633	317
633	339
633	473
634	230
634	797
634	972
634	982
634	993
634	994
635	469
635	519
635	656
635	694
635	743
635	879
636	448
636	488
636	617
636	622
636	672
636	914
637	574
637	708
637	888
637	919
637	929
637	941
638	847
638	858
638	872
638	886
638	916
638	966
639	8
639	577
639	776
639	856
639	883
639	898
640	181
640	602
640	798
640	800
640	877
640	923
641	696
641	832
641	954
641	992
641	996
641	999
642	170
642	435
642	477
642	850
642	947
642	962
643	242
643	404
643	416
643	459
643	646
643	672
644	120
644	583
644	601
644	625
644	801
645	28
645	323
645	609
645	786
645	946
645	979
646	25
646	242
646	416
646	459
646	643
646	747
647	520
647	543
647	607
647	768
647	783
647	820
648	157
648	233
648	282
648	573
648	662
648	784
649	33
649	104
649	827
649	853
649	967
649	997
650	426
650	587
650	655
650	717
650	803
650	834
651	45
651	243
651	403
651	626
651	730
651	780
652	869
652	948
652	958
652	988
652	998
652	1000
653	774
653	830
653	910
653	917
654	306
654	336
654	418
654	484
654	729
654	991
655	197
655	426
655	650
655	717
655	734
655	803
656	377
656	545
656	635
656	743
656	879
656	967
657	325
657	526
657	661
657	684
657	831
657	875
658	400
658	568
658	705
658	707
658	819
658	825
659	72
659	108
659	175
659	314
659	534
659	569
660	746
660	790
660	860
660	902
660	903
660	920
661	353
661	526
661	657
661	687
661	831
661	875
662	452
662	467
662	573
662	648
662	721
662	870
663	160
663	164
663	460
663	477
663	788
663	878
664	190
664	427
664	516
664	741
664	785
664	834
665	703
665	770
665	849
665	857
665	882
665	912
666	846
666	860
666	958
666	988
666	998
666	1000
667	13
667	29
667	205
667	265
667	278
667	695
668	311
668	442
668	446
668	733
668	824
668	887
669	286
669	300
669	603
669	682
669	731
669	813
670	36
670	42
670	121
670	254
670	401
670	406
671	125
671	266
671	499
671	874
671	967
671	997
672	407
672	636
672	643
672	696
672	748
672	914
673	32
673	236
673	315
673	391
673	572
673	691
674	836
674	856
674	954
674	992
674	996
674	999
675	855
675	901
675	948
675	988
675	998
675	1000
676	142
676	269
676	365
676	563
676	597
676	702
677	499
677	701
677	908
677	940
677	967
677	997
678	15
678	113
678	278
678	363
678	553
678	579
679	163
679	209
679	229
679	333
679	511
679	540
680	220
680	221
680	250
680	299
680	620
680	844
681	891
681	915
681	938
681	940
681	951
681	953
682	437
682	564
682	603
682	619
682	669
682	731
683	854
683	885
683	930
683	938
683	942
683	961
683	986
684	152
684	429
684	433
684	462
684	526
684	657
684	875
685	697
685	843
685	911
685	964
685	965
685	990
685	991
686	58
686	91
686	210
686	417
686	514
686	582
686	596
687	383
687	543
687	607
687	661
687	768
687	783
687	820
688	7
688	43
688	309
688	334
688	338
688	341
688	474
689	395
689	480
689	755
689	863
689	881
689	946
689	979
690	843
690	911
690	956
690	964
690	965
690	990
690	991
691	236
691	315
691	390
691	391
691	572
691	598
691	673
692	532
692	569
692	606
692	853
692	874
692	967
692	997
693	63
693	75
693	428
693	624
693	627
693	791
693	980
694	351
694	421
694	433
694	635
694	710
694	850
694	947
695	13
695	29
695	205
695	265
695	278
695	667
695	751
696	212
696	381
696	497
696	513
696	641
696	672
696	914
697	685
697	738
697	956
697	964
697	965
697	990
697	991
698	708
698	757
698	813
698	919
698	926
698	929
698	941
699	342
699	740
699	793
699	848
699	892
699	897
699	914
700	927
700	949
700	960
700	968
700	976
700	977
700	989
701	347
701	677
701	749
701	765
701	874
701	967
701	997
702	142
702	269
702	535
702	563
702	597
702	676
702	838
703	61
703	264
703	310
703	665
703	849
703	857
703	912
704	949
704	960
704	968
704	976
704	977
704	979
704	989
705	457
705	568
705	658
705	707
705	819
705	825
705	944
706	518
706	613
706	745
706	800
706	877
706	909
706	923
707	400
707	457
707	568
707	658
707	705
707	819
707	825
708	637
708	698
708	888
708	919
708	926
708	929
708	941
709	105
709	827
709	874
709	908
709	967
709	982
709	997
710	97
710	290
710	435
710	475
710	694
710	850
710	947
711	839
711	907
711	921
711	937
711	960
711	962
711	980
712	4
712	62
712	99
712	151
712	422
712	453
712	627
713	297
713	901
713	948
713	958
713	988
713	998
713	1000
714	615
714	762
714	821
714	954
714	992
714	996
714	999
715	805
715	911
715	956
715	964
715	965
715	990
715	991
716	24
716	117
716	403
716	614
716	626
716	763
716	780
717	64
717	77
717	587
717	650
717	655
717	734
717	803
718	206
718	437
718	567
718	770
718	849
718	857
718	912
719	555
719	749
719	827
719	836
719	853
719	967
719	997
720	760
720	775
720	872
720	886
720	916
720	963
720	966
721	49
721	50
721	322
721	452
721	662
721	870
721	976
722	313
722	746
722	882
722	954
722	992
722	996
722	999
723	83
723	890
723	891
723	915
723	940
723	951
723	953
724	911
724	956
724	964
724	965
724	990
724	991
724	997
725	487
725	548
725	595
725	789
725	808
725	828
725	893
726	226
726	632
726	764
726	822
726	905
726	918
726	931
727	141
727	515
727	610
727	737
727	787
727	817
727	831
728	503
728	949
728	960
728	968
728	976
728	977
728	989
729	306
729	336
729	388
729	418
729	484
729	654
729	920
730	45
730	403
730	490
730	614
730	626
730	651
730	763
731	286
731	300
731	441
731	587
731	619
731	669
731	682
732	943
732	952
732	957
732	970
732	981
732	985
732	995
733	109
733	444
733	446
733	560
733	668
733	824
733	887
734	77
734	239
734	570
734	587
734	655
734	717
734	803
735	86
735	214
735	268
735	368
735	809
735	823
735	943
736	389
736	821
736	882
736	954
736	992
736	996
736	999
737	141
737	515
737	610
737	727
737	738
737	787
737	817
738	697
738	737
738	956
738	964
738	965
738	990
738	991
739	451
739	523
739	765
739	867
739	889
739	934
739	973
740	531
740	559
740	699
740	793
740	848
740	850
740	892
741	95
741	190
741	217
741	427
741	516
741	664
741	785
741	834
742	530
742	599
742	753
742	801
742	913
742	955
742	969
742	986
743	12
743	241
743	377
743	469
743	519
743	635
743	656
743	879
744	123
744	805
744	843
744	911
744	964
744	965
744	990
744	991
745	518
745	602
745	706
745	798
745	800
745	877
745	909
745	923
746	660
746	722
746	790
746	838
746	859
746	902
746	903
746	920
747	646
747	752
747	766
747	769
747	919
747	926
747	929
747	941
748	148
748	365
748	616
748	630
748	672
748	811
748	914
748	992
749	447
749	701
749	719
749	874
749	881
749	908
749	967
749	997
750	936
750	943
750	957
750	970
750	981
750	985
750	995
750	996
751	695
751	927
751	949
751	960
751	968
751	976
751	977
751	989
752	747
752	766
752	813
752	888
752	919
752	926
752	929
752	941
753	461
753	742
753	764
753	771
753	913
753	955
753	969
753	986
754	154
754	204
754	460
754	531
754	788
754	829
754	878
754	900
755	182
755	244
755	262
755	689
755	881
755	946
755	949
755	979
756	159
756	179
756	419
756	546
756	762
756	796
756	814
756	826
757	594
757	698
757	860
757	862
757	948
757	958
757	998
757	1000
758	765
758	867
758	871
758	889
758	934
758	950
758	959
758	973
759	925
759	936
759	952
759	957
759	970
759	981
759	985
759	995
760	311
760	720
760	858
760	872
760	886
760	916
760	963
760	966
761	90
761	367
761	483
761	590
761	795
761	945
761	975
761	983
762	714
762	756
762	836
762	882
762	954
762	992
762	996
762	999
763	45
763	117
763	358
763	614
763	626
763	716
763	730
763	780
764	629
764	726
764	753
764	866
764	913
764	955
764	969
764	986
765	701
765	739
765	758
765	779
765	842
765	934
765	950
765	973
766	600
766	747
766	752
766	888
766	919
766	926
766	929
766	941
767	909
767	927
767	949
767	960
767	968
767	976
767	977
767	989
768	394
768	520
768	607
768	647
768	687
768	783
768	820
768	913
769	557
769	747
769	813
769	888
769	919
769	926
769	929
769	941
770	2
770	485
770	567
770	665
770	718
770	849
770	857
770	912
771	605
771	753
771	845
771	866
771	879
771	913
771	955
771	986
772	805
772	891
772	911
772	956
772	964
772	965
772	990
772	991
773	925
773	936
773	943
773	957
773	970
773	981
773	985
773	995
774	234
774	335
774	465
774	653
774	830
774	910
774	917
774	928
775	93
775	501
775	720
775	858
775	886
775	916
775	963
775	966
776	196
776	376
776	576
776	577
776	639
776	856
776	883
776	898
777	16
777	98
777	432
777	456
777	818
777	865
777	876
777	999
778	782
778	854
778	885
778	930
778	938
778	942
778	954
778	961
779	352
779	403
779	417
779	765
779	867
779	889
779	934
779	973
780	24
780	243
780	358
780	564
780	614
780	651
780	716
780	763
781	320
781	490
781	785
781	838
781	859
781	902
781	903
781	920
782	778
782	854
782	885
782	930
782	938
782	942
782	961
782	972
783	79
783	543
783	607
783	647
783	687
783	768
783	820
783	936
784	21
784	49
784	322
784	359
784	452
784	467
784	506
784	648
785	82
785	217
785	427
785	516
785	664
785	741
785	781
785	834
786	94
786	348
786	645
786	816
786	863
786	881
786	946
786	979
787	297
787	305
787	515
787	610
787	727
787	737
787	817
787	930
788	292
788	378
788	663
788	754
788	829
788	855
788	878
788	900
789	40
789	379
789	487
789	548
789	595
789	725
789	828
789	893
790	426
790	660
790	746
790	838
790	859
790	902
790	903
790	920
791	63
791	75
791	107
791	385
791	624
791	627
791	693
791	1000
792	355
792	450
792	845
792	866
792	905
792	913
792	955
792	969
792	986
793	138
793	188
793	393
793	559
793	699
793	740
793	848
793	892
793	897
794	12
794	218
794	241
794	273
794	377
794	424
794	491
794	842
794	879
795	495
795	512
795	575
795	761
795	886
795	932
795	945
795	975
795	983
796	9
796	18
796	26
796	179
796	419
796	546
796	756
796	814
796	826
797	8
797	167
797	423
797	576
797	577
797	634
797	856
797	883
797	898
798	412
798	522
798	623
798	640
798	745
798	800
798	877
798	909
798	923
799	611
799	821
799	832
799	873
799	882
799	954
799	992
799	996
799	999
800	303
800	640
800	706
800	745
800	798
800	822
800	877
800	909
800	923
801	355
801	450
801	468
801	644
801	742
801	866
801	955
801	969
801	986
802	170
802	232
802	267
802	351
802	421
802	589
802	850
802	947
802	965
803	64
803	77
803	239
803	359
803	587
803	650
803	655
803	717
803	734
804	865
804	928
804	933
804	935
804	944
804	959
804	974
804	984
804	987
805	255
805	715
805	744
805	772
805	956
805	964
805	965
805	990
805	991
806	861
806	862
806	901
806	925
806	948
806	958
806	988
806	998
806	1000
807	924
807	927
807	949
807	960
807	968
807	976
807	977
807	980
807	989
808	725
808	835
808	837
808	899
808	971
808	972
808	982
808	993
808	994
809	86
809	189
809	268
809	312
809	368
809	565
809	735
809	823
809	950
810	624
810	835
810	837
810	899
810	971
810	972
810	982
810	993
810	994
811	381
811	407
811	488
811	513
811	616
811	630
811	748
811	914
811	967
812	598
812	906
812	928
812	933
812	935
812	944
812	974
812	984
812	987
813	669
813	698
813	752
813	769
813	888
813	919
813	926
813	929
813	941
814	159
814	179
814	245
814	287
814	419
814	546
814	756
814	796
814	826
815	80
815	153
815	472
815	503
815	533
815	592
815	905
815	918
815	931
816	348
816	386
816	509
816	786
816	863
816	881
816	946
816	979
816	996
817	141
817	297
817	305
817	515
817	610
817	727
817	737
817	787
817	970
818	57
818	98
818	119
818	456
818	489
818	535
818	777
818	865
818	876
819	56
819	400
819	454
819	457
819	568
819	658
819	705
819	707
819	825
819	885
820	79
820	383
820	472
820	520
820	543
820	607
820	647
820	687
820	768
820	783
821	191
821	714
821	736
821	799
821	832
821	882
821	954
821	992
821	996
821	999
822	226
822	396
822	533
822	592
822	632
822	726
822	800
822	905
822	918
822	931
823	189
823	214
823	268
823	312
823	330
823	368
823	564
823	565
823	735
823	809
824	122
824	311
824	442
824	444
824	446
824	560
824	668
824	733
824	878
824	887
825	56
825	383
825	400
825	454
825	457
825	568
825	658
825	705
825	707
825	819
826	18
826	26
826	159
826	245
826	419
826	546
826	630
826	756
826	796
826	814
827	606
827	649
827	709
827	719
827	853
827	874
827	908
827	967
827	975
827	997
828	150
828	161
828	298
828	375
828	379
828	548
828	725
828	789
828	893
828	990
829	102
829	127
829	366
829	378
829	415
829	591
829	754
829	788
829	878
829	900
830	78
830	106
830	173
830	224
830	335
830	653
830	774
830	910
830	917
830	932
831	152
831	157
831	272
831	429
831	461
831	526
831	657
831	661
831	727
831	875
832	641
832	799
832	821
832	836
832	839
832	882
832	954
832	992
832	996
832	999
833	541
833	868
833	890
833	891
833	895
833	915
833	940
833	951
833	953
834	82
834	95
834	190
834	217
834	427
834	516
834	650
834	664
834	741
834	785
835	808
835	810
835	837
835	899
835	971
835	972
835	982
835	993
835	994
835	998
836	611
836	674
836	719
836	762
836	832
836	882
836	954
836	992
836	996
836	999
837	808
837	810
837	835
837	899
837	906
837	971
837	972
837	982
837	993
837	994
838	87
838	203
838	702
838	746
838	781
838	790
838	859
838	902
838	903
838	920
839	711
839	832
839	904
839	907
839	922
839	937
839	939
839	962
839	978
839	980
840	864
840	865
840	884
840	894
840	933
840	944
840	959
840	974
840	984
840	987
841	402
841	604
841	925
841	943
841	952
841	957
841	970
841	981
841	985
841	995
842	352
842	436
842	455
842	479
842	765
842	794
842	889
842	934
842	950
842	973
843	441
843	685
843	690
843	744
843	911
843	956
843	964
843	965
843	990
843	991
844	372
844	680
844	864
844	884
844	906
844	928
844	933
844	959
844	974
844	984
844	987
845	527
845	593
845	599
845	771
845	792
845	853
845	866
845	913
845	955
845	969
845	986
846	666
846	896
846	925
846	936
846	943
846	952
846	957
846	970
846	981
846	985
846	995
847	638
847	851
847	852
847	924
847	927
847	949
847	960
847	968
847	976
847	977
847	989
848	251
848	279
848	393
848	531
848	559
848	699
848	740
848	793
848	892
848	897
848	986
849	59
849	61
849	206
849	264
849	485
849	665
849	703
849	718
849	770
849	857
849	912
850	97
850	267
850	433
850	435
850	475
850	589
850	642
850	694
850	710
850	740
850	802
851	847
851	852
851	896
851	924
851	927
851	949
851	960
851	968
851	976
851	977
851	989
852	847
852	851
852	924
852	927
852	937
852	949
852	960
852	968
852	976
852	977
852	989
853	125
853	347
853	458
853	649
853	692
853	719
853	827
853	845
853	874
853	967
853	997
854	37
854	683
854	778
854	782
854	885
854	930
854	938
854	942
854	961
855	346
855	464
855	675
855	788
855	861
855	869
855	948
855	958
855	988
855	998
855	1000
856	38
856	196
856	370
856	376
856	423
856	639
856	674
856	776
856	797
856	883
856	898
857	61
857	310
857	318
857	567
857	665
857	703
857	718
857	770
857	849
857	912
857	926
858	47
858	52
858	638
858	760
858	775
858	872
858	886
858	916
858	963
858	966
858	992
859	203
859	294
859	530
859	746
859	781
859	790
859	838
859	902
859	903
859	920
859	931
860	660
860	666
860	757
860	862
860	869
860	901
860	948
860	958
860	988
860	998
860	1000
861	628
861	806
861	855
861	869
861	901
861	948
861	958
861	975
861	988
861	998
861	1000
862	158
862	628
862	757
862	806
862	860
862	869
862	901
862	948
862	958
862	988
862	998
862	1000
863	28
863	85
863	94
863	289
863	509
863	605
863	609
863	689
863	786
863	816
863	946
863	979
864	385
864	840
864	844
864	906
864	928
864	933
864	935
864	944
864	959
864	974
864	984
864	987
865	16
865	57
865	119
865	432
865	448
865	456
865	489
865	777
865	804
865	818
865	840
865	876
866	23
866	66
866	248
866	605
866	764
866	771
866	792
866	801
866	845
866	913
866	969
866	986
867	352
867	438
867	471
867	523
867	739
867	758
867	779
867	871
867	934
867	940
867	950
867	973
868	41
868	833
868	890
868	891
868	895
868	915
868	940
868	951
868	953
869	652
869	855
869	860
869	861
869	862
869	901
869	948
869	958
869	969
869	988
869	998
869	1000
870	21
870	49
870	158
870	233
870	280
870	282
870	322
870	331
870	452
870	467
870	662
870	721
871	103
871	185
871	438
871	455
871	524
871	758
871	867
871	889
871	934
871	950
871	973
871	994
872	342
872	354
872	476
872	493
872	501
872	638
872	720
872	760
872	858
872	886
872	963
872	966
873	431
873	799
873	880
873	904
873	907
873	921
873	922
873	937
873	939
873	962
873	978
873	980
874	606
874	671
874	692
874	701
874	709
874	749
874	827
874	853
874	908
874	967
874	988
874	997
875	152
875	157
875	272
875	353
875	429
875	462
875	490
875	526
875	657
875	661
875	684
875	831
876	16
876	17
876	57
876	98
876	119
876	448
876	456
876	485
876	489
876	777
876	818
876	865
877	181
877	412
877	522
877	602
877	640
877	706
877	745
877	798
877	800
877	909
877	923
877	984
878	160
878	204
878	292
878	460
878	574
878	591
878	663
878	754
878	788
878	824
878	829
878	900
879	12
879	218
879	273
879	424
879	469
879	491
879	545
879	635
879	656
879	743
879	771
879	794
880	388
880	528
880	873
880	904
880	907
880	921
880	922
880	937
880	939
880	962
880	978
880	980
881	174
881	259
881	480
881	509
881	609
881	689
881	749
881	755
881	786
881	816
881	946
881	979
882	665
882	722
882	736
882	762
882	799
882	821
882	832
882	836
882	954
882	992
882	996
882	999
883	8
883	38
883	167
883	370
883	376
883	576
883	639
883	776
883	797
883	856
883	898
883	971
884	521
884	536
884	840
884	844
884	894
884	933
884	935
884	944
884	959
884	974
884	984
884	987
885	525
885	683
885	778
885	782
885	819
885	854
885	930
885	938
885	942
885	961
886	354
886	363
886	493
886	638
886	720
886	760
886	775
886	795
886	858
886	872
886	916
886	963
886	966
887	109
887	122
887	178
887	246
887	280
887	311
887	442
887	446
887	560
887	668
887	733
887	824
887	904
888	492
888	600
888	637
888	708
888	752
888	766
888	769
888	813
888	919
888	926
888	927
888	929
888	941
889	436
889	451
889	454
889	455
889	524
889	739
889	758
889	779
889	842
889	871
889	934
889	950
889	973
890	397
890	445
890	558
890	723
890	833
890	868
890	891
890	895
890	915
890	940
890	951
890	953
891	558
891	621
891	681
891	723
891	772
891	833
891	868
891	890
891	895
891	915
891	940
891	951
891	953
892	55
892	138
892	279
892	342
892	393
892	531
892	559
892	699
892	740
892	793
892	848
892	897
892	993
893	40
893	161
893	249
893	298
893	375
893	487
893	548
893	595
893	725
893	789
893	828
893	924
893	935
894	840
894	884
894	902
894	906
894	928
894	933
894	935
894	944
894	959
894	970
894	974
894	984
894	987
895	32
895	833
895	868
895	890
895	891
895	915
895	937
895	940
895	951
895	953
896	505
896	846
896	851
896	925
896	936
896	943
896	952
896	957
896	970
896	981
896	985
896	995
896	1000
897	55
897	138
897	178
897	251
897	279
897	342
897	393
897	531
897	559
897	699
897	793
897	848
897	892
898	38
898	167
898	196
898	370
898	376
898	411
898	576
898	577
898	639
898	776
898	797
898	856
898	883
899	808
899	810
899	835
899	837
899	923
899	971
899	972
899	978
899	982
899	993
899	994
900	102
900	133
900	154
900	256
900	292
900	366
900	395
900	415
900	556
900	574
900	754
900	788
900	829
900	878
901	578
901	610
901	675
901	713
901	806
901	860
901	861
901	862
901	869
901	948
901	958
901	988
901	998
901	1000
902	87
902	203
902	294
902	530
902	660
902	746
902	781
902	790
902	838
902	859
902	894
902	903
902	920
902	984
903	87
903	136
903	188
903	320
903	474
903	660
903	746
903	781
903	790
903	838
903	859
903	902
903	920
903	929
904	608
904	839
904	873
904	880
904	887
904	907
904	921
904	922
904	937
904	939
904	956
904	962
904	978
904	980
905	9
905	226
905	405
905	472
905	503
905	549
905	592
905	604
905	726
905	792
905	815
905	822
905	918
905	931
906	242
906	434
906	812
906	837
906	844
906	864
906	894
906	928
906	935
906	944
906	959
906	974
906	984
906	987
907	180
907	431
907	711
907	839
907	873
907	880
907	904
907	921
907	922
907	937
907	939
907	962
907	978
907	980
908	128
908	498
908	499
908	532
908	555
908	606
908	677
908	709
908	749
908	827
908	874
908	931
908	967
908	997
909	140
909	303
909	412
909	518
909	522
909	602
909	706
909	745
909	767
909	798
909	800
909	877
909	923
909	995
910	1
910	53
910	78
910	106
910	173
910	224
910	234
910	335
910	465
910	653
910	774
910	830
910	917
910	988
911	402
911	685
911	690
911	715
911	724
911	744
911	772
911	843
911	953
911	956
911	964
911	965
911	990
911	991
912	59
912	206
912	264
912	310
912	318
912	485
912	567
912	665
912	703
912	718
912	770
912	849
912	857
912	958
913	350
913	527
913	612
913	629
913	742
913	753
913	764
913	768
913	771
913	792
913	845
913	866
913	955
913	969
913	986
914	212
914	345
914	365
914	381
914	407
914	488
914	622
914	630
914	636
914	672
914	696
914	699
914	748
914	811
914	959
915	116
915	349
915	423
915	558
915	621
915	681
915	723
915	833
915	868
915	890
915	891
915	895
915	940
915	951
915	953
916	74
916	247
916	270
916	296
916	354
916	476
916	638
916	720
916	760
916	775
916	858
916	886
916	941
916	963
916	966
917	1
917	53
917	78
917	106
917	173
917	224
917	234
917	335
917	465
917	515
917	653
917	774
917	830
917	910
917	997
918	9
918	19
918	153
918	396
918	405
918	472
918	533
918	549
918	592
918	632
918	726
918	815
918	822
918	905
918	931
919	103
919	492
919	600
919	637
919	698
919	708
919	747
919	752
919	766
919	769
919	813
919	888
919	926
919	929
919	941
920	136
920	188
920	294
920	320
920	490
920	530
920	660
920	729
920	746
920	781
920	790
920	838
920	859
920	902
920	903
921	414
921	502
921	596
921	608
921	711
921	873
921	880
921	904
921	907
921	922
921	937
921	939
921	962
921	978
921	980
922	364
922	502
922	608
922	839
922	873
922	880
922	904
922	907
922	921
922	925
922	937
922	939
922	962
922	978
922	980
923	140
923	181
923	303
923	412
923	518
923	522
923	602
923	640
923	706
923	745
923	798
923	800
923	877
923	899
923	909
924	64
924	807
924	847
924	851
924	852
924	893
924	927
924	949
924	960
924	968
924	976
924	977
924	989
925	60
925	759
925	773
925	806
925	841
925	846
925	896
925	922
925	936
925	943
925	952
925	957
925	970
925	981
925	985
925	995
926	193
926	295
926	492
926	600
926	698
926	708
926	747
926	752
926	766
926	769
926	813
926	857
926	888
926	919
926	929
926	941
927	700
927	751
927	767
927	807
927	847
927	851
927	852
927	888
927	924
927	938
927	949
927	960
927	968
927	976
927	977
927	989
928	420
928	536
928	774
928	804
928	812
928	844
928	864
928	894
928	906
928	933
928	935
928	944
928	959
928	966
928	974
928	984
928	987
929	65
929	193
929	295
929	600
929	637
929	698
929	708
929	747
929	752
929	766
929	769
929	813
929	888
929	903
929	919
929	926
929	941
930	183
930	319
930	327
930	361
930	369
930	384
930	525
930	683
930	778
930	782
930	787
930	854
930	885
930	938
930	942
930	957
930	961
931	19
931	153
931	191
931	396
931	405
931	503
931	533
931	549
931	592
931	632
931	726
931	815
931	822
931	859
931	905
931	908
931	918
932	51
932	130
932	165
932	410
932	481
932	482
932	495
932	512
932	561
932	575
932	590
932	795
932	830
932	941
932	945
932	975
932	983
933	86
933	372
933	631
933	804
933	812
933	840
933	844
933	864
933	884
933	894
933	928
933	935
933	944
933	965
933	974
933	984
933	987
934	55
934	103
934	424
934	451
934	463
934	479
934	523
934	618
934	739
934	758
934	765
934	779
934	842
934	867
934	871
934	889
934	950
934	973
935	70
935	261
935	372
935	631
935	804
935	812
935	864
935	884
935	893
935	894
935	906
935	928
935	933
935	944
935	959
935	974
935	984
935	987
936	504
936	517
936	577
936	604
936	750
936	759
936	773
936	783
936	846
936	896
936	925
936	943
936	952
936	957
936	970
936	981
936	985
936	995
937	80
937	208
937	307
937	608
937	711
937	839
937	852
937	873
937	880
937	895
937	904
937	907
937	921
937	922
937	939
937	962
937	978
937	980
938	198
938	319
938	327
938	361
938	369
938	373
938	384
938	525
938	681
938	683
938	778
938	782
938	854
938	885
938	927
938	930
938	942
938	961
939	110
939	252
939	414
939	502
939	521
939	528
939	839
939	873
939	880
939	904
939	907
939	921
939	922
939	937
939	962
939	978
939	980
939	982
940	115
940	137
940	202
940	349
940	445
940	621
940	677
940	681
940	723
940	833
940	867
940	868
940	890
940	891
940	895
940	915
940	951
940	953
941	193
941	295
941	492
941	600
941	637
941	698
941	708
941	747
941	752
941	766
941	769
941	813
941	888
941	916
941	919
941	926
941	929
941	932
942	198
942	271
942	319
942	327
942	361
942	369
942	373
942	384
942	466
942	525
942	683
942	778
942	782
942	854
942	885
942	930
942	938
942	961
943	368
943	504
943	580
943	732
943	735
943	750
943	773
943	841
943	846
943	896
943	925
943	936
943	952
943	957
943	970
943	981
943	985
943	995
944	398
944	434
944	631
944	705
944	804
944	812
944	840
944	864
944	884
944	894
944	906
944	928
944	933
944	935
944	959
944	960
944	974
944	984
944	987
945	10
945	22
945	130
945	165
945	266
945	296
945	341
945	367
945	410
945	482
945	483
945	561
945	590
945	761
945	795
945	932
945	975
945	983
945	994
946	79
946	85
946	182
946	244
946	262
946	348
946	386
946	395
946	449
946	509
946	609
946	645
946	689
946	755
946	786
946	816
946	863
946	881
946	979
947	20
947	35
947	97
947	134
947	170
947	232
947	290
947	351
947	374
947	421
947	433
947	435
947	475
947	589
947	642
947	694
947	710
947	802
947	999
948	239
948	413
948	510
948	555
948	594
948	652
948	675
948	713
948	757
948	806
948	855
948	860
948	861
948	862
948	869
948	901
948	988
948	998
948	1000
949	128
949	343
949	541
949	700
949	704
949	728
949	751
949	755
949	767
949	807
949	847
949	851
949	852
949	924
949	927
949	960
949	968
949	976
949	977
949	989
950	185
950	283
950	417
950	436
950	438
950	451
950	463
950	523
950	524
950	618
950	758
950	765
950	809
950	842
950	867
950	871
950	889
950	934
950	969
950	973
951	115
951	116
951	137
951	202
951	259
951	349
951	445
951	558
951	621
951	681
951	723
951	833
951	868
951	890
951	891
951	895
951	915
951	940
951	953
951	977
952	63
952	200
952	313
952	517
952	542
952	554
952	567
952	732
952	759
952	841
952	846
952	896
952	925
952	936
952	943
952	957
952	970
952	981
952	985
952	995
953	115
953	116
953	137
953	202
953	349
953	445
953	558
953	621
953	681
953	723
953	833
953	868
953	890
953	891
953	895
953	911
953	915
953	940
953	951
953	994
954	48
954	257
954	356
954	611
954	615
954	641
954	674
954	714
954	722
954	736
954	762
954	778
954	799
954	821
954	832
954	836
954	882
954	992
954	996
954	999
955	66
955	344
955	350
955	355
955	360
955	444
955	527
955	612
955	615
955	629
955	742
955	753
955	764
955	771
955	792
955	801
955	845
955	913
955	969
955	986
956	81
956	101
956	231
956	317
956	402
956	613
956	690
956	697
956	715
956	724
956	738
956	772
956	805
956	843
956	904
956	911
956	964
956	965
956	990
956	991
957	240
957	504
957	505
957	542
957	612
957	732
957	750
957	759
957	773
957	841
957	846
957	896
957	925
957	930
957	936
957	943
957	952
957	970
957	981
957	985
957	995
958	346
958	374
958	411
958	510
958	532
958	628
958	652
958	666
958	713
958	757
958	806
958	855
958	860
958	861
958	862
958	869
958	901
958	912
958	988
958	998
958	1000
959	96
959	129
959	176
959	420
959	434
959	631
959	758
959	804
959	840
959	844
959	864
959	884
959	894
959	906
959	914
959	928
959	935
959	944
959	974
959	984
959	987
960	343
960	392
960	562
960	700
960	704
960	711
960	728
960	751
960	767
960	807
960	847
960	851
960	852
960	924
960	927
960	944
960	949
960	968
960	976
960	977
960	989
961	183
961	198
961	271
961	319
961	327
961	361
961	369
961	373
961	384
961	525
961	683
961	778
961	782
961	854
961	885
961	930
961	938
961	942
961	968
961	971
961	974
962	238
962	307
962	364
962	373
962	521
962	528
962	571
962	608
962	642
962	711
962	839
962	873
962	880
962	904
962	907
962	921
962	922
962	937
962	939
962	978
962	980
963	47
963	52
963	74
963	93
963	145
963	247
963	270
963	353
963	354
963	476
963	493
963	501
963	720
963	760
963	775
963	858
963	872
963	886
963	916
963	966
963	991
964	114
964	402
964	547
964	571
964	613
964	685
964	690
964	697
964	715
964	724
964	738
964	744
964	772
964	805
964	843
964	911
964	956
964	965
964	973
964	990
964	991
965	162
965	301
965	500
965	547
965	613
965	685
965	690
965	697
965	715
965	724
965	738
965	744
965	772
965	802
965	805
965	843
965	911
965	933
965	956
965	964
965	990
965	991
966	47
966	52
966	74
966	93
966	145
966	247
966	270
966	296
966	476
966	493
966	501
966	595
966	638
966	720
966	760
966	775
966	858
966	872
966	886
966	916
966	928
966	963
967	230
967	324
967	387
967	447
967	458
967	555
967	606
967	649
967	656
967	671
967	677
967	692
967	701
967	709
967	719
967	749
967	811
967	827
967	853
967	874
967	908
967	997
968	34
968	331
968	333
968	392
968	541
968	700
968	704
968	728
968	751
968	767
968	807
968	847
968	851
968	852
968	924
968	927
968	949
968	960
968	961
968	976
968	977
968	989
969	337
969	344
969	350
969	450
969	468
969	581
969	593
969	599
969	605
969	612
969	742
969	753
969	764
969	792
969	801
969	845
969	866
969	869
969	913
969	950
969	955
969	986
970	100
970	237
970	517
970	554
970	580
970	732
970	750
970	759
970	773
970	817
970	841
970	846
970	894
970	896
970	925
970	936
970	943
970	952
970	957
970	981
970	985
970	995
971	538
971	550
971	808
971	810
971	835
971	837
971	883
971	899
971	961
971	972
971	982
971	990
971	993
971	994
972	194
972	316
972	321
972	362
972	498
972	538
972	550
972	583
972	586
972	634
972	782
972	808
972	810
972	835
972	837
972	899
972	971
972	982
972	993
972	994
973	185
973	283
973	417
973	436
973	438
973	455
973	463
973	471
973	479
973	520
973	523
973	618
973	739
973	758
973	765
973	779
973	842
973	867
973	871
973	889
973	934
973	950
973	964
974	27
974	96
974	129
974	225
974	398
974	536
974	557
974	804
974	812
974	840
974	844
974	864
974	884
974	894
974	906
974	928
974	933
974	935
974	944
974	959
974	961
974	984
974	987
975	10
975	22
975	51
975	90
975	108
975	255
975	341
975	367
975	410
975	481
975	482
975	483
975	495
975	512
975	561
975	575
975	590
975	761
975	795
975	827
975	861
975	932
975	945
975	983
976	53
976	149
976	340
976	343
976	389
976	416
976	541
976	562
976	700
976	704
976	721
976	728
976	751
976	767
976	807
976	847
976	851
976	852
976	924
976	927
976	949
976	960
976	968
976	977
976	989
977	36
977	149
977	287
977	331
977	340
977	389
977	392
977	562
977	700
977	704
977	728
977	751
977	767
977	807
977	847
977	851
977	852
977	924
977	927
977	949
977	951
977	960
977	968
977	976
977	989
978	110
978	208
978	238
978	252
978	307
978	364
978	414
978	431
978	502
978	521
978	528
978	571
978	597
978	839
978	873
978	880
978	899
978	904
978	907
978	921
978	922
978	937
978	939
978	962
978	980
979	28
979	85
979	94
979	174
979	182
979	244
979	259
979	262
979	289
979	323
979	348
979	386
979	395
979	480
979	509
979	609
979	645
979	689
979	704
979	755
979	786
979	816
979	863
979	881
979	946
980	80
980	110
980	208
980	238
980	307
980	364
980	414
980	502
980	521
980	528
980	571
980	608
980	693
980	711
980	807
980	839
980	873
980	880
980	904
980	907
980	921
980	922
980	937
980	939
980	962
980	978
981	31
981	183
981	240
981	313
981	504
981	505
981	517
981	542
981	554
981	580
981	604
981	732
981	750
981	759
981	773
981	841
981	846
981	896
981	925
981	936
981	943
981	952
981	957
981	970
981	985
981	995
982	6
982	46
982	68
982	135
982	168
982	184
982	316
982	321
982	362
982	449
982	498
982	538
982	550
982	586
982	634
982	709
982	808
982	810
982	835
982	837
982	899
982	939
982	971
982	972
982	993
982	994
983	10
983	22
983	51
983	90
983	130
983	165
983	255
983	266
983	341
983	347
983	351
983	367
983	410
983	481
983	482
983	483
983	495
983	512
983	561
983	575
983	590
983	761
983	795
983	932
983	945
983	975
984	27
984	70
984	96
984	129
984	176
984	225
984	398
984	420
984	536
984	631
984	804
984	812
984	840
984	844
984	864
984	877
984	884
984	894
984	902
984	906
984	928
984	933
984	935
984	944
984	959
984	974
984	987
985	60
985	100
985	200
985	237
985	240
985	505
985	542
985	554
985	580
985	604
985	732
985	750
985	759
985	773
985	841
985	846
985	896
985	925
985	936
985	943
985	952
985	957
985	970
985	981
985	993
985	995
985	1000
986	23
986	66
986	143
986	344
986	350
986	355
986	360
986	450
986	468
986	581
986	599
986	605
986	612
986	629
986	683
986	742
986	753
986	764
986	771
986	792
986	801
986	845
986	848
986	866
986	913
986	955
986	969
987	27
987	70
987	140
987	176
987	225
987	249
987	372
987	398
987	420
987	434
987	536
987	631
987	804
987	812
987	840
987	844
987	864
987	884
987	894
987	906
987	928
987	933
987	935
987	944
987	959
987	974
987	984
988	139
988	207
988	275
988	325
988	413
988	464
988	510
988	578
988	594
988	628
988	652
988	666
988	675
988	713
988	806
988	855
988	860
988	861
988	862
988	869
988	874
988	901
988	910
988	948
988	958
988	998
988	1000
989	34
989	145
989	149
989	287
989	331
989	340
989	343
989	352
989	389
989	392
989	541
989	562
989	700
989	704
989	728
989	751
989	767
989	807
989	847
989	851
989	852
989	924
989	927
989	949
989	960
989	968
989	976
989	977
990	30
990	81
990	101
990	111
990	114
990	123
990	162
990	231
990	301
990	547
990	613
990	617
990	685
990	690
990	697
990	715
990	724
990	738
990	744
990	772
990	805
990	828
990	843
990	911
990	956
990	964
990	965
990	971
990	991
991	30
991	81
991	101
991	111
991	114
991	123
991	162
991	231
991	301
991	431
991	547
991	613
991	654
991	685
991	690
991	697
991	715
991	724
991	738
991	744
991	772
991	805
991	843
991	911
991	956
991	963
991	964
991	965
991	990
992	44
992	54
992	105
992	118
992	169
992	288
992	314
992	356
992	380
992	382
992	397
992	611
992	615
992	641
992	674
992	714
992	722
992	736
992	748
992	762
992	799
992	821
992	832
992	836
992	858
992	882
992	954
992	996
992	999
993	6
993	46
993	68
993	168
993	180
993	184
993	194
993	258
993	316
993	321
993	362
993	449
993	498
993	538
993	550
993	579
993	586
993	634
993	808
993	810
993	835
993	837
993	892
993	899
993	971
993	972
993	982
993	985
993	994
994	6
994	46
994	68
994	135
994	168
994	180
994	184
994	194
994	258
994	316
994	321
994	362
994	449
994	498
994	538
994	550
994	586
994	634
994	808
994	810
994	835
994	837
994	871
994	899
994	945
994	953
994	971
994	972
994	982
994	993
995	60
995	100
995	122
995	200
995	237
995	313
995	504
995	505
995	517
995	542
995	554
995	575
995	580
995	604
995	732
995	750
995	759
995	773
995	841
995	846
995	896
995	909
995	925
995	936
995	943
995	952
995	957
995	970
995	981
995	985
996	37
996	44
996	54
996	88
996	118
996	257
996	288
996	314
996	356
996	380
996	382
996	397
996	501
996	611
996	615
996	641
996	674
996	714
996	722
996	736
996	750
996	762
996	799
996	816
996	821
996	832
996	836
996	882
996	954
996	992
996	999
997	3
997	104
997	105
997	125
997	128
997	222
997	230
997	324
997	347
997	387
997	447
997	458
997	499
997	532
997	555
997	606
997	649
997	671
997	677
997	692
997	701
997	709
997	719
997	724
997	749
997	827
997	853
997	874
997	908
997	917
997	967
998	139
998	195
998	207
998	275
998	325
998	346
998	374
998	411
998	413
998	464
998	510
998	565
998	578
998	594
998	652
998	666
998	675
998	713
998	757
998	806
998	835
998	855
998	860
998	861
998	862
998	869
998	901
998	948
998	958
998	988
998	1000
999	37
999	44
999	54
999	82
999	88
999	169
999	257
999	288
999	314
999	356
999	380
999	382
999	397
999	611
999	615
999	641
999	674
999	714
999	722
999	736
999	762
999	777
999	799
999	821
999	832
999	836
999	882
999	947
999	954
999	992
999	996
1000	139
1000	207
1000	275
1000	325
1000	346
1000	374
1000	411
1000	413
1000	464
1000	510
1000	578
1000	594
1000	628
1000	652
1000	666
1000	675
1000	713
1000	757
1000	791
1000	806
1000	855
1000	860
1000	861
1000	862
1000	869
1000	896
1000	901
1000	948
1000	958
1000	985
1000	988
1000	998
