1	918
1	997
2	969
2	970
3	974
3	977
4	996
4	1000
5	15
5	399
6	241
6	518
7	459
7	765
8	796
8	989
9	657
9	860
10	965
10	982
11	851
11	989
12	427
12	590
13	829
13	897
14	913
14	941
15	5
15	360
16	237
16	615
17	460
17	905
18	516
18	844
19	983
19	998
20	983
20	998
21	931
21	990
22	618
22	895
23	335
23	975
24	804
24	977
25	978
25	988
26	696
26	711
27	804
27	977
28	858
28	965
29	51
29	60
30	918
30	920
31	33
31	254
32	404
32	604
33	31
33	254
34	717
34	984
35	421
35	951
36	261
36	670
37	923
37	990
38	957
38	994
39	996
39	1000
40	954
40	994
41	945
41	990
42	175
42	324
43	937
43	942
44	795
44	922
45	819
45	906
46	855
46	935
47	788
47	893
48	613
48	946
49	983
49	998
50	952
50	997
51	29
51	60
52	933
52	963
53	738
53	744
54	899
54	932
55	983
55	998
56	976
56	985
57	847
57	909
58	769
58	955
59	116
59	989
60	29
60	51
61	608
61	886
62	605
62	650
63	561
63	605
64	769
64	946
65	277
65	359
66	377
66	895
67	446
67	521
68	962
68	982
69	642
69	690
70	971
70	988
71	93
71	867
72	745
72	847
73	784
73	814
74	660
74	987
75	875
75	908
76	735
76	920
77	973
77	997
78	490
78	777
79	938
79	965
80	940
80	967
81	965
81	982
82	842
82	989
83	561
83	670
84	962
84	982
85	613
85	946
86	937
86	942
87	770
87	844
88	793
88	891
89	931
89	990
90	434
90	522
91	967
91	979
92	928
92	977
93	71
93	867
94	973
94	978
95	973
95	978
96	955
96	981
97	813
97	895
98	164
98	987
99	865
99	891
100	746
100	776
101	725
101	906
102	700
102	909
103	971
103	988
104	888
104	951
105	966
105	1000
106	422
106	717
107	132
107	434
108	755
108	844
109	740
109	885
110	584
110	722
111	187
111	374
112	138
112	223
113	783
113	808
114	531
114	711
115	866
115	998
116	59
116	800
117	792
117	846
118	245
118	946
119	993
119	999
120	436
120	686
121	983
121	998
122	944
122	954
123	971
123	988
124	337
125	631
125	724
126	317
126	905
127	732
127	786
128	918
128	920
129	361
129	729
130	534
130	946
131	995
131	999
132	107
132	271
133	984
133	992
134	419
134	812
135	642
135	690
136	743
136	975
137	185
137	982
138	112
138	223
139	919
139	987
140	961
140	994
141	939
141	990
142	416
142	510
143	958
143	991
144	866
144	989
145	764
145	927
146	717
146	871
147	913
147	990
148	964
148	977
149	888
149	908
150	968
150	997
151	915
151	989
152	172
153	726
153	935
154	894
154	951
155	814
155	938
156	996
156	1000
157	973
157	978
158	511
158	946
159	459
159	994
160	416
160	510
161	964
161	977
162	967
162	979
163	732
163	786
164	98
164	857
165	174
165	538
166	650
166	777
167	518
167	996
168	993
168	999
169	942
169	970
170	926
170	989
171	931
171	990
172	152
172	228
173	892
173	992
174	165
174	400
175	42
175	324
176	843
176	998
177	317
177	586
178	874
178	901
179	814
179	946
180	916
180	974
181	396
181	974
182	832
182	998
183	983
183	998
184	628
184	994
185	137
185	276
186	682
186	992
187	111
187	374
188	967
188	986
189	969
189	970
190	971
190	988
191	904
191	949
192	964
192	977
193	871
193	975
194	858
194	982
195	759
195	763
196	446
196	521
197	288
197	291
198	996
198	1000
199	379
199	984
200	239
200	724
201	973
201	978
202	686
202	944
203	993
203	999
204	949
204	974
205	943
205	986
206	908
206	951
207	889
207	979
208	617
208	659
209	357
209	604
210	986
210	997
211	615
211	975
212	680
212	861
213	984
213	992
214	953
214	973
215	722
215	823
216	446
216	521
217	917
217	927
218	736
218	973
219	610
219	657
220	394
220	765
221	894
221	951
222	406
222	999
223	112
223	138
224	735
224	793
225	672
225	898
226	792
226	794
227	925
227	1000
228	172
228	679
229	873
229	937
230	414
230	987
231	945
231	990
232	986
232	997
233	993
233	999
234	964
234	977
235	918
235	920
236	738
236	744
237	16
237	304
238	279
238	891
239	200
239	776
240	888
240	966
241	6
241	518
242	696
242	840
243	964
243	977
244	754
244	932
245	118
245	784
246	801
247	857
247	987
248	426
248	847
249	980
249	992
250	286
250	367
251	813
251	895
252	433
252	876
253	993
253	999
254	31
254	33
255	941
255	990
256	844
256	860
257	691
257	1000
258	961
258	994
259	462
259	867
260	753
260	985
261	36
261	670
262	732
262	786
263	940
263	979
264	948
264	992
265	996
265	1000
266	552
266	624
267	336
267	362
268	936
268	998
269	980
269	992
270	957
270	994
271	132
271	522
272	793
272	865
273	462
273	997
274	754
274	899
275	996
275	1000
276	185
276	967
277	65
277	397
278	869
278	984
279	238
279	428
280	354
280	696
281	512
281	987
282	813
282	860
283	292
283	597
284	921
284	992
285	980
285	984
286	250
286	860
287	956
287	985
288	197
288	291
289	922
289	938
290	728
290	846
291	197
291	288
292	283
292	877
293	886
293	988
294	769
294	784
295	962
295	965
296	902
296	994
297	763
297	848
298	816
298	905
299	923
299	990
300	645
300	881
301	954
301	970
302	963
302	979
303	403
303	882
304	237
304	836
305	622
305	767
306	308
306	736
307	875
307	963
308	306
308	526
309	691
309	761
310	337
310	562
310	667
311	622
311	767
312	919
312	987
313	811
313	907
314	548
314	683
315	375
315	892
316	550
316	912
317	126
317	177
318	658
318	783
319	582
319	984
320	960
320	981
321	954
321	970
322	655
322	958
323	928
323	964
324	42
324	175
325	491
325	987
326	789
326	802
327	807
327	852
328	722
328	823
329	996
329	1000
330	443
330	557
331	679
331	803
332	879
332	994
333	996
333	1000
334	897
334	927
335	23
335	811
336	267
336	362
337	124
337	310
338	901
338	991
339	958
339	991
340	922
340	938
341	918
341	920
342	996
342	1000
343	915
343	989
344	934
344	998
345	934
345	998
346	996
346	1000
347	600
347	898
348	624
348	683
349	479
349	951
350	509
350	580
351	854
351	926
352	571
352	975
353	995
353	999
354	280
354	583
355	983
355	998
356	986
356	997
357	209
357	604
358	976
358	985
359	65
359	397
360	15
360	676
361	129
361	676
362	267
362	336
363	379
364	669
364	987
365	524
365	676
366	958
366	991
367	250
367	485
368	963
368	979
369	427
369	577
370	995
370	999
371	881
371	900
372	947
372	988
373	606
373	789
374	111
374	187
375	315
375	491
376	590
376	782
377	66
377	895
378	884
378	924
379	199
379	363
380	931
380	941
381	959
381	981
382	814
382	946
383	585
383	898
384	993
384	999
385	823
385	873
386	960
386	981
387	625
387	859
388	947
388	988
389	974
389	976
390	913
390	990
391	479
391	739
392	758
392	917
393	973
393	978
394	220
394	765
395	915
395	989
396	181
396	963
397	277
397	359
398	974
398	985
399	5
399	729
400	174
400	410
401	969
401	994
402	754
402	932
403	303
403	877
404	32
404	604
405	953
405	978
406	222
406	987
407	517
407	558
408	738
408	744
409	919
409	987
410	400
410	538
411	855
411	935
412	892
412	950
413	668
413	917
413	935
414	230
414	457
414	987
415	618
415	813
415	895
416	142
416	160
416	510
417	480
417	746
417	776
418	603
418	726
418	935
419	134
419	567
419	830
420	568
420	921
420	989
421	35
421	508
421	951
422	106
422	699
422	907
423	953
423	973
423	978
424	923
424	953
424	978
425	715
425	805
425	861
426	248
426	532
426	700
427	12
427	369
427	590
428	279
428	865
428	891
429	698
429	958
429	991
430	980
430	984
430	992
431	957
431	961
431	994
432	800
432	922
432	938
433	252
433	742
433	876
434	90
434	107
434	522
435	819
435	886
435	906
436	120
436	672
436	861
437	896
437	964
437	977
438	953
438	973
438	978
439	503
439	973
439	978
440	674
440	910
440	960
441	828
441	961
441	994
442	940
442	967
442	979
443	330
443	576
443	611
444	834
444	962
444	982
445	687
445	794
445	846
446	67
446	196
446	216
447	954
447	969
447	970
448	910
448	927
448	964
449	655
449	923
449	945
450	637
450	980
450	992
451	853
451	971
451	988
452	956
452	966
452	1000
453	891
453	974
453	985
454	953
454	973
454	978
455	942
455	969
455	970
456	974
456	976
456	985
457	414
457	857
457	987
458	687
458	792
458	794
459	7
459	159
459	765
460	17
460	836
460	905
461	723
461	816
461	820
462	259
462	273
462	867
463	944
463	969
463	970
464	962
464	976
464	982
465	902
465	993
465	999
466	953
466	973
466	978
467	993
467	995
467	999
468	719
468	854
468	926
469	734
469	822
469	926
470	715
470	805
470	861
471	614
471	819
471	906
472	730
472	764
472	917
473	529
473	659
473	701
474	638
474	656
474	975
475	623
475	987
475	1000
476	763
476	897
476	910
477	875
477	908
477	951
478	488
478	536
478	644
479	349
479	391
479	498
480	417
480	746
480	776
481	538
481	980
482	698
482	971
482	988
483	828
483	961
483	994
484	845
484	967
484	979
485	367
485	844
485	860
486	887
486	968
486	997
487	904
487	949
487	976
488	478
488	536
488	644
489	886
489	906
489	972
490	78
490	605
490	780
491	325
491	375
491	987
492	556
492	606
492	802
493	652
493	897
493	910
494	923
494	945
494	990
495	563
495	638
495	975
496	563
496	889
496	975
497	948
497	980
497	992
498	479
498	611
498	867
499	956
499	996
499	1000
500	792
500	973
500	978
501	966
501	996
501	1000
502	650
502	777
502	977
503	439
503	540
503	880
504	512
504	669
504	857
505	936
505	983
505	998
506	704
506	919
506	987
507	740
507	955
507	959
508	421
508	875
508	894
509	350
509	578
509	580
510	142
510	160
510	416
511	158
511	946
511	972
512	281
512	504
512	987
513	715
513	983
513	998
514	993
514	995
514	999
515	928
515	967
515	979
516	18
516	755
516	860
517	407
517	558
517	593
518	6
518	167
518	241
519	699
519	872
519	975
520	543
520	852
520	989
521	67
521	196
521	216
522	90
522	271
522	434
523	993
523	995
523	999
524	365
524	595
524	729
525	770
525	882
525	912
526	308
526	564
526	736
527	877
527	961
527	994
528	874
528	901
528	991
529	473
529	617
529	701
530	949
530	976
530	985
531	114
531	696
531	711
532	426
532	533
532	909
533	532
533	631
533	991
534	130
534	885
534	981
535	786
535	933
535	941
536	478
536	488
536	644
537	868
537	959
537	960
538	165
538	410
538	481
539	713
539	714
539	974
540	503
540	944
540	954
541	740
541	960
541	981
542	953
542	973
542	978
543	520
543	637
543	989
544	957
544	961
544	994
545	861
545	965
545	982
546	715
546	805
546	861
547	849
547	936
547	981
548	314
548	624
548	683
549	963
549	967
549	979
550	316
550	716
550	912
551	673
551	928
551	964
552	266
552	855
552	935
553	682
553	788
553	991
554	635
554	877
554	912
555	812
555	817
555	876
556	492
556	789
556	802
557	330
557	611
557	867
558	407
558	517
558	593
559	598
559	946
559	959
560	954
560	969
560	970
561	63
561	83
561	670
562	310
562	841
562	960
563	495
563	496
563	975
564	526
564	736
564	941
565	962
565	965
565	982
566	913
566	945
566	990
567	419
567	742
567	817
568	420
568	866
568	989
569	941
569	945
569	990
570	737
570	948
570	992
571	352
571	886
571	906
572	966
572	996
572	1000
573	915
573	958
573	991
574	963
574	967
574	979
575	936
575	943
575	998
576	443
576	611
576	867
577	369
577	947
577	988
578	509
578	580
579	868
579	955
579	959
580	350
580	509
580	578
581	651
581	832
581	998
582	319
582	855
582	935
583	354
583	745
583	909
584	110
584	722
584	823
585	383
585	657
585	898
586	177
586	591
586	910
587	884
587	949
587	991
588	635
588	882
588	912
589	894
589	914
589	951
590	12
590	376
590	427
591	586
591	740
591	981
592	893
592	924
592	991
593	517
593	558
593	934
594	848
594	927
594	987
595	524
595	729
595	810
596	938
596	947
596	988
597	283
597	877
597	912
598	559
598	955
598	959
599	888
599	908
599	951
600	347
600	610
600	898
601	940
601	967
601	979
602	965
602	974
602	982
603	418
603	661
603	668
603	935
604	32
604	209
604	357
604	404
605	62
605	63
605	490
605	777
606	373
606	492
606	789
606	802
607	791
607	943
607	983
607	998
608	61
608	819
608	886
608	906
609	948
609	950
609	980
609	984
610	219
610	600
610	672
610	898
611	443
611	498
611	557
611	576
612	853
612	947
612	971
612	988
613	48
613	85
613	769
613	946
614	471
614	950
614	980
614	984
615	16
615	211
615	816
615	905
616	788
616	856
616	924
616	991
617	208
617	529
617	659
617	701
618	22
618	415
618	813
618	895
619	692
619	850
619	899
619	932
620	643
620	708
620	962
620	982
621	654
621	812
621	817
621	876
622	305
622	311
622	725
622	767
623	475
623	857
623	919
623	987
624	266
624	348
624	548
624	683
625	387
625	953
625	973
625	978
626	956
626	966
626	996
626	1000
627	887
627	968
627	986
627	997
628	184
628	879
628	957
628	994
629	930
629	968
629	986
629	997
630	733
630	773
630	899
630	932
631	125
631	533
631	675
631	909
632	913
632	923
632	933
632	990
633	748
633	923
633	933
633	990
634	768
634	870
634	922
634	938
635	554
635	588
635	639
635	919
636	734
636	795
636	854
636	926
637	450
637	543
637	752
637	796
638	474
638	495
638	811
638	975
639	635
639	877
639	882
639	912
640	881
640	947
640	971
640	988
641	896
641	948
641	964
641	977
642	69
642	135
642	690
642	913
643	620
643	962
643	965
643	982
644	478
644	488
644	536
644	852
645	300
645	903
645	918
645	920
646	925
646	994
646	996
646	1000
647	879
647	900
647	961
647	994
648	837
648	842
648	915
648	989
649	732
649	786
650	62
650	166
650	502
650	777
651	581
651	760
651	943
651	998
652	493
652	758
652	848
652	917
653	785
653	940
653	955
653	959
654	621
654	812
654	830
654	876
655	322
655	449
655	945
655	990
656	474
656	783
656	872
656	889
657	9
657	219
657	585
657	898
658	318
658	717
658	889
658	985
659	208
659	473
659	617
659	701
660	74
660	744
660	919
660	987
661	603
661	726
661	855
661	935
662	834
662	980
662	984
662	992
663	669
663	952
663	968
663	997
664	864
664	963
664	967
664	979
665	735
665	793
665	865
665	891
666	826
666	940
666	963
666	979
667	310
667	730
667	758
667	897
668	413
668	603
668	713
668	935
669	364
669	504
669	663
669	987
670	36
670	83
670	261
670	561
671	818
671	935
671	957
671	994
672	225
672	436
672	610
672	898
673	551
673	962
673	965
673	982
674	440
674	955
674	960
674	981
675	631
675	700
675	847
675	983
676	360
676	361
676	365
676	729
677	893
677	924
677	958
677	991
678	828
678	900
678	902
678	994
679	228
679	331
679	761
679	803
680	212
680	923
680	931
680	933
681	716
681	837
681	915
681	989
682	186
682	553
682	788
682	924
683	314
683	348
683	548
683	624
684	838
684	930
684	986
684	997
685	689
685	928
685	964
685	977
686	120
686	202
686	805
686	861
687	445
687	458
687	794
687	846
688	858
688	962
688	965
688	982
689	685
689	833
689	928
689	977
690	69
690	135
690	642
690	885
691	257
691	309
691	709
691	803
692	619
692	850
692	899
692	932
693	856
693	874
693	958
693	991
694	843
694	870
694	922
694	938
695	956
695	966
695	996
695	1000
696	26
696	242
696	280
696	531
697	866
697	903
697	918
697	920
698	429
698	482
698	971
698	988
699	422
699	519
699	889
699	907
700	102
700	426
700	675
700	909
701	473
701	529
701	617
701	659
702	925
702	953
702	973
702	978
703	903
703	918
703	920
703	1000
704	506
704	857
704	872
704	919
705	927
705	947
705	971
705	988
706	864
706	940
706	963
706	979
707	709
707	761
707	803
707	965
708	620
708	953
708	973
708	978
709	691
709	707
709	761
709	803
710	887
710	968
710	986
710	997
711	26
711	114
711	531
711	817
712	824
712	921
712	952
712	997
713	539
713	668
713	949
713	985
714	539
714	753
714	949
714	976
714	985
715	425
715	470
715	513
715	546
715	805
716	550
716	681
716	877
716	882
716	912
717	34
717	106
717	146
717	658
717	975
718	833
718	890
718	944
718	969
718	970
719	468
719	795
719	854
719	893
719	926
720	778
720	787
720	789
720	971
720	988
721	925
721	956
721	966
721	996
721	1000
722	110
722	215
722	328
722	584
722	823
723	461
723	820
723	836
723	889
723	905
724	125
724	200
724	745
724	847
724	909
725	101
725	622
725	767
726	153
726	418
726	661
726	855
726	935
727	747
727	926
727	934
727	983
727	998
728	290
728	936
728	943
728	983
728	998
729	129
729	399
729	524
729	595
729	676
730	472
730	667
730	763
730	910
730	917
731	878
731	882
731	884
731	958
731	991
732	127
732	163
732	262
732	649
732	786
733	630
733	773
733	850
733	899
733	932
734	469
734	636
734	822
734	854
734	926
735	76
735	224
735	665
735	865
735	891
736	218
736	306
736	526
736	564
736	922
737	570
737	948
737	980
737	984
737	992
738	53
738	236
738	408
738	744
738	960
739	391
739	950
739	980
739	984
739	992
740	109
740	507
740	541
740	591
740	981
741	972
741	993
741	995
741	999
742	433
742	567
742	817
742	830
742	995
743	136
743	808
743	872
743	889
743	975
744	53
744	236
744	408
744	660
744	738
745	72
745	583
745	724
745	909
745	979
746	100
746	417
746	480
746	752
746	776
747	727
747	934
747	936
747	943
747	983
748	633
748	933
748	941
748	945
748	990
749	864
749	940
749	963
749	967
749	979
750	822
750	952
750	968
750	986
750	997
751	900
751	902
751	957
751	961
751	994
752	637
752	746
752	842
752	915
752	989
753	260
753	714
753	916
753	976
753	985
754	244
754	274
754	402
754	850
754	932
755	108
755	516
755	770
755	844
755	860
756	892
756	948
756	950
756	980
756	992
757	870
757	956
757	966
757	996
757	1000
758	392
758	652
758	667
758	829
758	948
759	195
759	764
759	897
759	910
759	917
760	651
760	934
760	936
760	983
760	998
761	309
761	679
761	707
761	709
761	803
762	834
762	858
762	962
762	965
762	982
763	195
763	297
763	476
763	730
763	927
764	145
764	472
764	759
764	917
764	927
765	7
765	220
765	394
765	459
765	980
766	886
766	930
766	952
766	986
766	997
767	305
767	311
767	622
767	725
767	968
768	634
768	779
768	870
768	922
768	938
769	58
769	64
769	294
769	613
769	946
770	87
770	525
770	755
770	844
770	860
771	892
771	950
771	984
771	992
771	998
772	929
772	972
772	993
772	995
772	999
773	630
773	733
773	850
773	899
773	932
774	925
774	956
774	966
774	996
774	1000
775	934
775	943
775	977
775	983
775	998
776	100
776	239
776	417
776	480
776	746
777	78
777	166
777	502
777	605
777	650
778	720
778	853
778	947
778	971
778	988
779	768
779	870
779	922
779	938
780	490
780	869
780	950
780	980
780	984
780	992
781	834
781	858
781	926
781	962
781	965
781	982
782	376
782	939
782	972
782	993
782	995
782	999
783	113
783	318
783	656
783	871
783	872
783	975
784	73
784	245
784	294
784	814
784	946
784	984
785	653
785	841
785	955
785	959
785	960
785	981
786	127
786	163
786	262
786	535
786	649
786	732
787	720
787	821
787	881
787	947
787	971
787	988
788	47
788	553
788	616
788	682
788	924
788	991
789	326
789	373
789	556
789	606
789	720
789	802
790	825
790	916
790	974
790	976
790	985
790	998
791	607
791	800
791	837
791	842
791	866
791	989
792	117
792	226
792	458
792	500
792	794
792	846
793	88
793	224
793	272
793	665
793	865
793	891
794	226
794	445
794	458
794	687
794	792
794	846
795	44
795	636
795	719
795	822
795	854
795	926
796	8
796	637
796	851
796	866
796	915
796	989
797	916
797	949
797	950
797	974
797	976
797	985
798	799
798	912
798	952
798	968
798	986
798	997
799	798
799	887
799	930
799	968
799	986
799	997
800	116
800	432
800	791
800	807
800	852
800	989
801	246
801	863
801	972
801	993
801	995
801	999
802	326
802	492
802	556
802	606
802	789
802	884
803	331
803	679
803	691
803	707
803	709
803	761
804	24
804	27
804	835
804	896
804	928
804	977
805	425
805	470
805	546
805	686
805	715
805	861
806	911
806	939
806	972
806	993
806	995
806	999
807	327
807	800
807	837
807	842
807	915
807	989
808	113
808	743
808	871
808	872
808	907
808	975
809	929
809	939
809	972
809	993
809	995
809	999
810	595
810	904
810	949
810	974
810	976
810	985
811	313
811	335
811	638
811	871
811	907
811	990
812	134
812	555
812	621
812	654
812	830
812	876
813	97
813	251
813	282
813	415
813	618
813	895
814	73
814	155
814	179
814	382
814	784
814	946
815	840
815	841
815	849
815	959
815	960
815	981
816	298
816	461
816	615
816	820
816	836
816	905
817	555
817	567
817	621
817	711
817	742
817	830
818	671
818	900
818	902
818	957
818	961
818	994
819	45
819	435
819	471
819	608
819	886
819	906
820	461
820	723
820	816
820	836
820	905
820	909
821	787
821	842
821	853
821	947
821	971
821	988
822	469
822	734
822	750
822	795
822	854
822	926
823	215
823	328
823	385
823	584
823	722
823	874
824	712
824	921
824	930
824	952
824	986
824	997
825	790
825	859
825	904
825	974
825	976
825	985
826	666
826	836
826	940
826	963
826	967
826	979
827	869
827	948
827	950
827	963
827	980
827	984
827	992
828	441
828	483
828	678
828	879
828	957
828	961
828	994
829	13
829	758
829	848
829	897
829	917
829	927
829	993
830	419
830	654
830	742
830	812
830	817
830	863
830	876
831	839
831	921
831	930
831	952
831	968
831	986
831	997
832	182
832	581
832	934
832	943
832	983
832	986
832	998
833	689
833	718
833	835
833	896
833	928
833	964
833	977
834	444
834	662
834	762
834	781
834	962
834	965
834	982
835	804
835	833
835	896
835	928
835	956
835	964
835	977
836	304
836	460
836	723
836	816
836	820
836	826
836	905
837	648
837	681
837	791
837	807
837	851
837	866
837	989
838	684
838	862
838	939
838	972
838	993
838	995
838	999
839	831
839	921
839	930
839	954
839	968
839	986
839	997
840	242
840	815
840	849
840	885
840	959
840	960
840	981
841	562
841	785
841	815
841	901
841	955
841	959
841	981
842	82
842	648
842	752
842	791
842	807
842	821
842	851
843	176
843	694
843	934
843	936
843	943
843	983
843	998
844	18
844	87
844	108
844	256
844	485
844	755
844	770
845	484
845	929
845	939
845	972
845	993
845	995
845	999
846	117
846	290
846	445
846	687
846	792
846	794
846	897
847	57
847	72
847	248
847	675
847	724
847	909
847	949
848	297
848	594
848	652
848	829
848	910
848	917
848	927
849	547
849	815
849	840
849	885
849	955
849	959
849	981
850	619
850	692
850	733
850	754
850	773
850	899
850	932
851	11
851	796
851	837
851	842
851	852
851	987
851	989
852	327
852	520
852	644
852	800
852	851
852	915
852	989
853	451
853	612
853	778
853	821
853	881
853	947
853	971
853	988
854	351
854	468
854	636
854	719
854	734
854	795
854	822
854	926
855	46
855	411
855	552
855	582
855	661
855	726
855	935
855	953
856	616
856	693
856	874
856	878
856	901
856	958
856	991
856	997
857	164
857	247
857	457
857	504
857	623
857	704
857	919
857	987
858	28
858	194
858	688
858	762
858	781
858	962
858	965
858	982
859	387
859	825
859	904
859	916
859	949
859	974
859	976
859	985
860	9
860	256
860	282
860	286
860	485
860	516
860	755
860	770
861	212
861	425
861	436
861	470
861	545
861	546
861	686
861	805
862	838
862	916
862	929
862	939
862	972
862	993
862	995
862	999
863	801
863	830
863	929
863	939
863	972
863	993
863	995
863	999
864	664
864	706
864	749
864	936
864	940
864	963
864	967
864	979
865	99
865	272
865	428
865	665
865	735
865	793
865	891
865	971
866	115
866	144
866	568
866	697
866	791
866	796
866	837
866	989
867	71
867	93
867	259
867	462
867	498
867	557
867	576
867	876
868	537
868	579
868	885
868	941
868	955
868	959
868	960
868	981
869	278
869	780
869	827
869	948
869	950
869	980
869	984
869	992
870	634
870	694
870	757
870	768
870	779
870	922
870	938
871	146
871	193
871	783
871	808
871	811
871	907
871	975
871	999
872	519
872	656
872	704
872	743
872	783
872	808
872	907
872	975
873	229
873	385
873	937
873	942
873	944
873	954
873	969
873	970
874	178
874	528
874	693
874	823
874	856
874	884
874	901
874	991
875	75
875	307
875	477
875	508
875	888
875	894
875	908
875	951
876	252
876	433
876	555
876	621
876	654
876	812
876	830
876	867
877	292
877	403
877	527
877	554
877	597
877	639
877	716
877	882
878	731
878	856
878	884
878	893
878	901
878	924
878	958
878	991
879	332
879	628
879	647
879	828
879	902
879	957
879	961
879	994
880	503
880	890
880	937
880	942
880	944
880	954
880	969
880	970
881	300
881	371
881	640
881	787
881	853
881	947
881	971
881	988
882	303
882	525
882	588
882	639
882	716
882	731
882	877
882	912
883	911
883	914
883	925
883	956
883	966
883	996
883	1000
884	378
884	587
884	731
884	802
884	874
884	878
884	893
884	958
884	991
885	109
885	534
885	690
885	840
885	849
885	868
885	955
885	960
885	981
886	61
886	293
886	435
886	489
886	571
886	608
886	766
886	819
886	906
887	486
887	627
887	710
887	799
887	919
887	952
887	968
887	986
887	997
888	104
888	149
888	240
888	599
888	875
888	894
888	908
888	951
888	997
889	207
889	496
889	656
889	658
889	699
889	723
889	743
889	907
889	975
890	718
890	880
890	937
890	942
890	944
890	954
890	962
890	969
890	970
891	88
891	99
891	238
891	428
891	453
891	665
891	735
891	793
891	865
892	173
892	315
892	412
892	756
892	771
892	948
892	950
892	980
892	992
893	47
893	592
893	677
893	719
893	878
893	884
893	924
893	958
893	991
894	154
894	221
894	508
894	589
894	875
894	888
894	908
894	945
894	951
895	22
895	66
895	97
895	251
895	377
895	415
895	618
895	813
895	992
896	437
896	641
896	804
896	833
896	835
896	928
896	964
896	977
896	991
897	13
897	334
897	476
897	493
897	667
897	759
897	829
897	846
897	910
898	225
898	347
898	383
898	585
898	600
898	610
898	657
898	672
898	953
899	54
899	274
899	619
899	630
899	692
899	733
899	773
899	850
899	932
900	371
900	647
900	678
900	751
900	818
900	902
900	957
900	961
900	994
901	178
901	338
901	528
901	841
901	856
901	874
901	878
901	924
901	958
901	991
902	296
902	465
902	678
902	751
902	818
902	879
902	900
902	957
902	961
902	994
903	645
903	697
903	703
903	918
903	920
903	999
904	191
904	487
904	810
904	825
904	859
904	916
904	951
904	974
904	976
904	985
905	17
905	126
905	298
905	460
905	615
905	723
905	816
905	820
905	836
905	952
906	45
906	101
906	435
906	471
906	489
906	571
906	608
906	819
906	886
906	964
907	313
907	422
907	699
907	808
907	811
907	871
907	872
907	889
907	975
907	990
908	75
908	149
908	206
908	477
908	599
908	875
908	888
908	894
908	951
908	970
909	57
909	102
909	532
909	583
909	631
909	700
909	724
909	745
909	820
909	847
910	440
910	448
910	476
910	493
910	586
910	730
910	759
910	848
910	897
910	927
911	806
911	883
911	914
911	925
911	956
911	966
911	996
911	1000
912	316
912	525
912	550
912	554
912	588
912	597
912	639
912	716
912	798
912	882
913	14
913	147
913	390
913	566
913	632
913	642
913	931
913	933
913	941
913	945
913	990
914	589
914	883
914	911
914	925
914	956
914	966
914	996
914	1000
915	151
915	343
915	395
915	573
915	648
915	681
915	752
915	796
915	807
915	852
915	989
916	180
916	753
916	790
916	797
916	859
916	862
916	904
916	949
916	974
916	976
916	985
917	217
917	392
917	413
917	472
917	652
917	730
917	759
917	764
917	829
917	848
917	927
918	1
918	30
918	128
918	235
918	341
918	645
918	697
918	703
918	903
918	920
918	957
919	139
919	312
919	409
919	506
919	623
919	635
919	660
919	704
919	857
919	887
919	987
920	30
920	76
920	128
920	235
920	341
920	645
920	697
920	703
920	903
920	918
920	993
921	284
921	420
921	712
921	824
921	831
921	839
921	930
921	952
921	968
921	986
921	997
922	44
922	289
922	340
922	432
922	634
922	694
922	736
922	768
922	779
922	870
922	938
923	37
923	299
923	424
923	449
923	494
923	632
923	633
923	680
923	931
923	933
923	990
924	378
924	592
924	616
924	677
924	682
924	788
924	878
924	893
924	901
924	958
924	991
924	995
925	227
925	646
925	702
925	721
925	774
925	883
925	911
925	914
925	956
925	966
925	996
925	1000
926	170
926	351
926	468
926	469
926	636
926	719
926	727
926	734
926	781
926	795
926	822
926	854
927	145
927	217
927	334
927	448
927	594
927	705
927	763
927	764
927	829
927	848
927	910
927	917
928	92
928	323
928	515
928	551
928	685
928	689
928	804
928	833
928	835
928	896
928	964
928	977
929	772
929	809
929	845
929	862
929	863
929	939
929	969
929	972
929	981
929	993
929	995
929	999
930	629
930	684
930	766
930	799
930	824
930	831
930	839
930	921
930	952
930	982
930	986
930	997
931	21
931	89
931	171
931	380
931	680
931	913
931	923
931	933
931	941
931	945
931	978
931	990
932	54
932	244
932	402
932	619
932	630
932	692
932	733
932	754
932	773
932	850
932	899
932	943
933	52
933	535
933	632
933	633
933	680
933	748
933	913
933	923
933	931
933	941
933	945
933	990
934	344
934	345
934	593
934	727
934	747
934	760
934	775
934	832
934	843
934	936
934	943
934	998
934	999
935	46
935	153
935	411
935	413
935	418
935	552
935	582
935	603
935	661
935	668
935	671
935	726
935	855
936	268
936	505
936	547
936	575
936	728
936	747
936	760
936	843
936	864
936	934
936	943
936	983
936	998
937	43
937	86
937	229
937	873
937	880
937	890
937	942
937	944
937	954
937	969
937	970
937	983
937	988
938	79
938	155
938	289
938	340
938	432
938	596
938	634
938	694
938	768
938	779
938	870
938	922
938	955
939	141
939	782
939	806
939	809
939	838
939	845
939	862
939	863
939	929
939	972
939	993
939	995
939	999
940	80
940	263
940	442
940	601
940	653
940	666
940	706
940	749
940	826
940	864
940	963
940	967
940	979
941	14
941	255
941	380
941	535
941	564
941	569
941	748
941	868
941	913
941	931
941	933
941	945
941	990
942	43
942	86
942	169
942	455
942	873
942	880
942	890
942	937
942	944
942	954
942	960
942	969
942	970
943	205
943	575
943	607
943	651
943	728
943	747
943	775
943	832
943	843
943	932
943	934
943	936
943	983
943	998
944	122
944	202
944	463
944	540
944	718
944	873
944	880
944	890
944	937
944	942
944	947
944	954
944	969
944	970
945	41
945	231
945	449
945	494
945	566
945	569
945	655
945	748
945	894
945	913
945	931
945	933
945	941
945	990
946	48
946	64
946	85
946	118
946	130
946	158
946	179
946	382
946	511
946	559
946	613
946	769
946	784
946	814
947	372
947	388
947	577
947	596
947	612
947	640
947	705
947	778
947	787
947	821
947	853
947	881
947	944
947	971
947	988
948	264
948	497
948	570
948	609
948	641
948	737
948	756
948	758
948	827
948	869
948	892
948	950
948	980
948	984
948	992
949	191
949	204
949	487
949	530
949	587
949	713
949	714
949	797
949	810
949	847
949	859
949	916
949	974
949	976
949	985
950	412
950	609
950	614
950	739
950	756
950	771
950	780
950	797
950	827
950	869
950	892
950	948
950	980
950	984
950	992
951	35
951	104
951	154
951	206
951	221
951	349
951	421
951	477
951	589
951	599
951	875
951	888
951	894
951	904
951	908
952	50
952	663
952	712
952	750
952	766
952	798
952	824
952	831
952	887
952	905
952	921
952	930
952	968
952	986
952	997
953	214
953	405
953	423
953	424
953	438
953	454
953	466
953	542
953	625
953	702
953	708
953	855
953	898
953	973
953	978
954	40
954	122
954	301
954	321
954	447
954	540
954	560
954	839
954	873
954	880
954	890
954	937
954	942
954	944
954	969
954	970
955	58
955	96
955	507
955	579
955	598
955	653
955	674
955	785
955	841
955	849
955	868
955	885
955	938
955	959
955	960
955	981
956	287
956	452
956	499
956	626
956	695
956	721
956	757
956	774
956	835
956	883
956	911
956	914
956	925
956	966
956	996
956	1000
957	38
957	270
957	431
957	544
957	628
957	671
957	751
957	818
957	828
957	879
957	900
957	902
957	918
957	961
957	968
957	994
958	143
958	322
958	339
958	366
958	429
958	573
958	677
958	693
958	731
958	856
958	878
958	884
958	893
958	901
958	924
958	991
958	995
959	381
959	507
959	537
959	559
959	579
959	598
959	653
959	785
959	815
959	840
959	841
959	849
959	868
959	955
959	960
959	975
959	981
960	320
960	386
960	440
960	537
960	541
960	562
960	674
960	738
960	785
960	815
960	840
960	868
960	885
960	942
960	955
960	959
960	981
961	140
961	258
961	431
961	441
961	483
961	527
961	544
961	647
961	751
961	818
961	828
961	879
961	900
961	902
961	957
961	969
961	994
962	68
962	84
962	295
962	444
962	464
962	565
962	620
962	643
962	673
962	688
962	762
962	781
962	834
962	858
962	890
962	965
962	982
963	52
963	302
963	307
963	368
963	396
963	549
963	574
963	664
963	666
963	706
963	749
963	826
963	827
963	864
963	940
963	967
963	979
964	148
964	161
964	192
964	234
964	243
964	323
964	437
964	448
964	551
964	641
964	685
964	833
964	835
964	896
964	906
964	928
964	977
965	10
965	28
965	79
965	81
965	295
965	545
965	565
965	602
965	643
965	673
965	688
965	707
965	762
965	781
965	834
965	858
965	962
965	982
966	105
966	240
966	452
966	501
966	572
966	626
966	695
966	721
966	757
966	774
966	883
966	911
966	914
966	925
966	956
966	976
966	996
966	1000
967	80
967	91
967	162
967	188
967	276
967	442
967	484
967	515
967	549
967	574
967	601
967	664
967	749
967	826
967	864
967	940
967	963
967	979
968	150
968	486
968	627
968	629
968	663
968	710
968	750
968	767
968	798
968	799
968	831
968	839
968	887
968	921
968	952
968	957
968	986
968	997
969	2
969	189
969	401
969	447
969	455
969	463
969	560
969	718
969	873
969	880
969	890
969	929
969	937
969	942
969	944
969	954
969	961
969	970
970	2
970	169
970	189
970	301
970	321
970	447
970	455
970	463
970	560
970	718
970	873
970	880
970	890
970	908
970	937
970	942
970	944
970	954
970	969
970	985
971	70
971	103
971	123
971	190
971	451
971	482
971	612
971	640
971	698
971	705
971	720
971	778
971	787
971	821
971	853
971	865
971	881
971	947
971	988
971	996
972	489
972	511
972	741
972	772
972	782
972	801
972	806
972	809
972	838
972	845
972	862
972	863
972	929
972	939
972	993
972	995
972	999
973	77
973	94
973	95
973	157
973	201
973	214
973	218
973	393
973	423
973	438
973	439
973	454
973	466
973	500
973	542
973	625
973	702
973	708
973	953
973	978
974	3
974	180
974	181
974	204
974	389
974	398
974	453
974	456
974	539
974	602
974	790
974	797
974	810
974	825
974	859
974	904
974	916
974	949
974	976
974	985
975	23
975	136
975	193
975	211
975	352
975	474
975	495
975	496
975	519
975	563
975	638
975	717
975	743
975	783
975	808
975	871
975	872
975	889
975	907
975	959
976	56
976	358
976	389
976	456
976	464
976	487
976	530
976	714
976	753
976	790
976	797
976	810
976	825
976	859
976	904
976	916
976	949
976	966
976	974
976	985
977	3
977	24
977	27
977	92
977	148
977	161
977	192
977	234
977	243
977	437
977	502
977	641
977	685
977	689
977	775
977	804
977	833
977	835
977	896
977	928
977	964
978	25
978	94
978	95
978	157
978	201
978	393
978	405
978	423
978	424
978	438
978	439
978	454
978	466
978	500
978	542
978	625
978	702
978	708
978	931
978	953
978	973
979	91
979	162
979	207
979	263
979	302
979	368
979	442
979	484
979	515
979	549
979	574
979	601
979	664
979	666
979	706
979	745
979	749
979	826
979	864
979	940
979	963
979	967
980	249
980	269
980	285
980	430
980	450
980	481
980	497
980	609
980	614
980	662
980	737
980	739
980	756
980	765
980	780
980	827
980	869
980	892
980	948
980	950
980	984
980	992
981	96
981	320
981	381
981	386
981	534
981	541
981	547
981	591
981	674
981	740
981	785
981	815
981	840
981	841
981	849
981	868
981	885
981	929
981	955
981	959
981	960
981	991
982	10
982	68
982	81
982	84
982	137
982	194
982	444
982	464
982	545
982	565
982	602
982	620
982	643
982	673
982	688
982	762
982	781
982	834
982	858
982	930
982	962
982	965
983	19
983	20
983	49
983	55
983	121
983	183
983	355
983	505
983	513
983	607
983	675
983	727
983	728
983	747
983	760
983	775
983	832
983	843
983	936
983	937
983	943
983	998
984	34
984	133
984	199
984	213
984	278
984	285
984	319
984	430
984	609
984	614
984	662
984	737
984	739
984	771
984	780
984	784
984	827
984	869
984	948
984	950
984	980
984	992
985	56
985	260
985	287
985	358
985	398
985	453
985	456
985	530
985	658
985	713
985	714
985	753
985	790
985	797
985	810
985	825
985	859
985	904
985	916
985	949
985	970
985	974
985	976
986	188
986	205
986	210
986	232
986	356
986	627
986	629
986	684
986	710
986	750
986	766
986	798
986	799
986	824
986	831
986	832
986	839
986	887
986	921
986	930
986	952
986	968
986	997
987	74
987	98
987	139
987	230
987	247
987	281
987	312
987	325
987	364
987	406
987	409
987	414
987	457
987	475
987	491
987	506
987	512
987	594
987	623
987	660
987	669
987	851
987	857
987	919
987	996
988	25
988	70
988	103
988	123
988	190
988	293
988	372
988	388
988	451
988	482
988	577
988	596
988	612
988	640
988	698
988	705
988	720
988	778
988	787
988	821
988	853
988	881
988	937
988	947
988	971
989	8
989	11
989	59
989	82
989	144
989	151
989	170
989	343
989	395
989	420
989	520
989	543
989	568
989	648
989	681
989	752
989	791
989	796
989	800
989	807
989	837
989	851
989	852
989	866
989	915
990	21
990	37
990	41
990	89
990	141
990	147
990	171
990	231
990	255
990	299
990	390
990	494
990	566
990	569
990	632
990	633
990	655
990	748
990	811
990	907
990	913
990	923
990	931
990	933
990	941
990	945
991	143
991	338
991	339
991	366
991	429
991	528
991	533
991	553
991	573
991	587
991	592
991	616
991	677
991	693
991	731
991	788
991	856
991	874
991	878
991	884
991	893
991	896
991	901
991	924
991	958
991	981
992	133
992	173
992	186
992	213
992	249
992	264
992	269
992	284
992	430
992	450
992	497
992	570
992	662
992	737
992	739
992	756
992	771
992	780
992	827
992	869
992	892
992	895
992	948
992	950
992	980
992	984
993	119
993	168
993	203
993	233
993	253
993	384
993	465
993	467
993	514
993	523
993	741
993	772
993	782
993	801
993	806
993	809
993	829
993	838
993	845
993	862
993	863
993	920
993	929
993	939
993	972
993	995
993	999
994	38
994	40
994	140
994	159
994	184
994	258
994	270
994	296
994	332
994	401
994	431
994	441
994	483
994	527
994	544
994	628
994	646
994	647
994	671
994	678
994	751
994	818
994	828
994	879
994	900
994	902
994	957
994	961
995	131
995	353
995	370
995	467
995	514
995	523
995	741
995	742
995	772
995	782
995	801
995	806
995	809
995	838
995	845
995	862
995	863
995	924
995	929
995	939
995	958
995	972
995	993
995	999
996	4
996	39
996	156
996	167
996	198
996	265
996	275
996	329
996	333
996	342
996	346
996	499
996	501
996	572
996	626
996	646
996	695
996	721
996	757
996	774
996	883
996	911
996	914
996	925
996	956
996	966
996	971
996	987
996	1000
997	1
997	50
997	77
997	150
997	210
997	232
997	273
997	356
997	486
997	627
997	629
997	663
997	684
997	710
997	712
997	750
997	766
997	798
997	799
997	824
997	831
997	839
997	856
997	887
997	888
997	921
997	930
997	952
997	968
997	986
998	19
998	20
998	49
998	55
998	115
998	121
998	176
998	182
998	183
998	268
998	344
998	345
998	355
998	505
998	513
998	575
998	581
998	607
998	651
998	727
998	728
998	760
998	771
998	775
998	790
998	832
998	843
998	934
998	936
998	943
998	983
999	119
999	131
999	168
999	203
999	222
999	233
999	253
999	353
999	370
999	384
999	465
999	467
999	514
999	523
999	741
999	772
999	782
999	801
999	806
999	809
999	838
999	845
999	862
999	863
999	871
999	903
999	929
999	934
999	939
999	972
999	993
999	995
1000	4
1000	39
1000	105
1000	156
1000	198
1000	227
1000	257
1000	265
1000	275
1000	329
1000	333
1000	342
1000	346
1000	452
1000	475
1000	499
1000	501
1000	572
1000	626
1000	646
1000	695
1000	703
1000	721
1000	757
1000	774
1000	883
1000	911
1000	914
1000	925
1000	956
1000	966
1000	996
